12.064746	1.5941476
12.741686	1.4081539
13.420881	1.4060345
14.100029	1.4081539
14.776827	1.3520175
15.455879	1.2773136
16.134884	1.2473089
16.811541	1.111925
17.490452	1.1279308
18.167013	1.016796
18.845829	1.0170362
19.522297	0.94476128
20.201017	0.85522234
20.87969	0.81822175
21.556017	0.76373684
22.234594	0.76370227
22.910826	0.64690083
23.58931	0.60690671
24.265448	0.50624382
24.943836	0.57764304
25.619879	0.52151936
26.298174	0.53858846
26.974121	0.49253437
27.652321	0.46336725
28.328176	0.47123164
29.003983	0.42052332
29.682041	0.45122728
30.357754	0.43578973
31.035717	0.44922248
31.711334	0.38904184
32.389202	0.4160403
33.064728	0.44862708
33.740204	0.4773936
34.417931	0.44160202
35.093315	0.45090136
35.76865	0.43572232
36.446236	0.43381226
37.121479	0.42646307
37.796673	0.48316222
38.474117	0.37900323
39.149216	0.41735497
39.824268	0.47098219
40.501572	0.41845843
41.176533	0.47369716
41.851444	0.47793257
42.52631	0.45267671
43.203423	0.39381802
43.878193	0.40855637
44.552917	0.38287446
45.227596	0.40254015
45.904522	0.42493719
46.579102	0.45000365
47.253639	0.42509741
47.928127	0.42098221
48.604866	0.52283585
49.279263	0.51114029
49.953609	0.42718056
50.627911	0.36789212
51.302166	0.4030008
51.976372	0.36274081
52.650536	0.39639828
53.326942	0.34657672
54.001007	0.37715322
54.675026	0.38211879
55.348999	0.34661311
56.022926	0.33131757
56.696808	0.33341163
57.37064	0.31126407
58.044426	0.3385047
58.718163	0.355297
59.391857	0.34744528
60.065502	0.31118938
60.739098	0.28216979
61.412651	0.29929897
62.086155	0.33455881
62.759613	0.3027896
63.433022	0.254392
64.106384	0.27707493
64.779701	0.27879018
65.452972	0.30678099
66.126198	0.34698826
66.799377	0.27401397
67.472504	0.30286425
68.145592	0.32978258
68.818626	0.2749244
69.491615	0.29320991
70.164558	0.30331945
70.837456	0.33083141
71.510307	0.32673988
72.183105	0.30848172
72.855865	0.30467972
73.526283	0.31767908
74.198944	0.33790013
74.871567	0.32727703
75.544136	0.2477712
76.216652	0.29743436
76.88913	0.32747734
77.559273	0.32237703
78.231651	0.27846608
78.903992	0.32397756
79.576279	0.32183799
80.24852	0.32727703
80.918434	0.52925456
81.590584	1.1148167
82.26268	1.2715194
82.934738	0.91411376
83.604462	0.53053099
84.276428	0.40534613
84.948341	0.35246366
85.620209	0.35329038
86.289749	0.32879019
86.961525	0.30307731
87.633255	0.30254018
88.30265	0.35086125
88.974289	0.29806075
89.645874	0.33056551
90.31514	0.28294912
90.986633	0.31072691
91.658081	0.31513163
92.327202	0.29623803
92.998558	0.32800722
93.667587	0.30122545
94.338852	0.32291049
95.010071	0.32283401
95.678955	0.33211881
96.350082	0.33587351
97.018875	0.31365123
97.689903	0.36365128
98.358612	0.31257874
99.029549	0.3192068
99.698158	0.32633016
100.369	0.32422701
101.03752	0.34579554
101.70827	0.32529956
102.37669	0.34484684
103.04736	0.39155468
103.71569	0.3599512
104.38625	0.41468009
105.0545	0.38402164
105.72497	0.54550785
106.39311	0.73883063
107.0635	1.1908209
107.73155	1.3488365
108.39956	1.3386377
109.0698	1.2040715
109.73772	1.0138624
110.40787	0.97422701
111.07569	0.97728431
111.74347	0.86632979
112.41348	0.87592959
113.08116	0.89209187
113.7488	0.90619648
114.41867	0.89274734
115.08621	0.88106632
115.75372	0.96913397
116.42345	0.97615534
117.09086	1.0770767
117.75822	1.0543921
118.42781	1.0842711
119.09508	1.1540205
119.7623	1.2736899
120.42948	1.4113897
121.09888	1.4032449
121.76597	1.4093375
122.43301	1.3722878
123.1	1.3432044
123.76694	1.4500018
124.43613	1.4250501
125.10298	1.4022542
125.76978	1.3057977
126.43655	1.224178
127.10326	1.2300721
127.77221	1.0896264
128.43883	0.89438617
129.10541	0.84566993
129.77194	0.80941397
130.43843	0.69584471
131.10487	0.66397721
131.77126	0.55616742
132.43761	0.52180886
133.10391	0.48619756
133.77245	0.50155145
134.43864	0.46821812
135.10481	0.4506883
135.77094	0.40656799
136.437	0.45098689
137.10303	0.48078048
137.76901	0.43434575
138.43494	0.41905567
139.10083	0.41518265
139.76666	0.48804945
140.43246	0.46550313
141.09822	0.49155465
141.76392	0.51498049
142.42958	0.51350009
143.09518	0.68270874
143.76076	0.82238793
144.42627	1.1175171
145.08948	1.7340217
145.7549	5.1355877
146.42029	30.902042
147.08562	56.146835
147.75092	40.147579
148.41615	11.769505
149.08136	2.0821226
149.74651	0.94360501
150.40935	0.73077863
151.07442	0.67661422
151.73943	0.65699404
152.4044	0.69167674
153.06932	0.84328085
153.73419	1.6114388
154.39676	4.7860589
155.06155	7.3225904
155.72629	5.8175278
156.39098	2.7569487
157.05563	1.3444881
157.71797	0.88965541
158.38252	0.73896718
159.04704	0.64142901
159.70923	0.95653152
160.37366	0.96681958
161.03802	0.73740304
161.70236	0.52098221
162.36438	0.50624388
163.02861	0.50455409
163.69279	0.53751594
164.35468	0.49080628
165.01878	0.52143192
165.68283	0.54768384
166.34457	0.51529372
167.00854	0.56767911
167.67245	0.65687209
168.33406	0.62715143
168.99789	0.80471617
169.65941	1.1119725
170.32314	1.5315853
170.98456	3.1154265
171.64821	9.8660898
172.3118	21.360025
172.97308	21.389738
173.6366	11.097445
174.29779	4.0562434
174.96121	1.7939855
175.62231	1.1467754
176.28563	0.81365126
176.94666	0.67344767
177.60988	0.56628245
178.2708	0.4959121
178.93394	0.5016771
179.59477	0.50571036
180.25783	0.48508868
180.91856	0.44322988
181.57927	0.44394553
182.24217	0.42892677
182.90279	0.44098294
183.56561	0.45509669
184.22612	0.47522306
184.8866	0.52483702
185.54927	0.50702322
186.20966	0.46451437
186.87225	0.39414403
187.53253	0.38348812
188.19278	0.34290943
188.85524	0.34711024
189.5154	0.38249391
190.17549	0.36579081
190.83781	0.35233074
191.49783	0.35863286
192.15781	0.3689974
192.81773	0.37052333
193.47987	0.42435449
194.13971	0.41735497
194.79948	0.40678105
195.45923	0.4117994
196.1212	0.42505008
196.78085	0.42175969
197.44046	0.39645109
198.10002	0.38697878
198.75954	0.42930368
199.42126	0.41660839
200.08069	0.40122548
200.74008	0.39711025
201.39941	0.42825669
202.0587	0.469744
202.71796	0.5368731
203.37941	0.56397533
204.03856	0.67707497
204.69768	0.7754252
205.35674	0.76290292
206.01576	0.70378387
206.67473	0.58163446
207.33366	0.54937363
207.99255	0.59766006
208.65138	0.68077868
209.31018	0.67016101
209.96893	0.68973923
210.62764	0.77368993
211.2863	0.78468448
211.94492	0.98249382
212.60349	1.1844823
213.26201	1.206244
213.92049	1.5223006
214.57892	2.0462363
215.2373	3.5712333
215.89565	6.6969848
216.55394	14.02772
217.2122	27.019342
217.87041	48.361889
218.52856	83.130165
219.18669	137.63066
219.84476	196.78793
220.50279	192.64645
221.16077	125.23449
221.81871	57.300896
222.47435	22.202381
223.13219	8.478879
223.78999	4.1771274
224.44775	2.8551803
225.10547	2.1316361
225.76314	1.6182181
226.42076	1.3258659
227.07608	1.0707382
227.73361	0.99958485
228.3911	0.88562763
229.04854	0.78056741
229.70369	0.75649154
230.36104	0.71933615
231.01834	0.66403735
231.67561	0.68813688
232.33058	0.65656972
232.98775	0.60708141
233.64488	0.62344766
234.30196	0.61789221
234.95674	0.64580649
235.61374	0.62905246
236.27069	0.65880036
236.92534	0.6138134
237.5822	0.58850473
238.23901	0.69616151
238.89354	0.65846902
239.55026	0.66681963
240.20694	0.68348813
240.86131	0.76529008
241.51791	0.74954838
242.17221	0.70068836
242.8287	0.67357337
243.48515	0.65524602
244.13931	0.65525508
244.79568	0.71666843
245.44975	0.63833719
246.10603	0.63196033
246.76001	0.70047528
247.4162	0.71311772
248.0701	0.68838817
248.7262	0.69360501
249.37999	0.65695578
250.036	0.69181514
250.68971	0.75031501
251.34563	0.72422886
251.99925	0.78719002
252.65509	0.8926217
253.30862	1.0235223
253.96436	1.2449234
254.61781	1.5745529
255.27121	1.5769019
255.92682	1.3576494
256.58014	1.1080958
257.23563	0.98826247
257.88885	0.98045272
258.54205	0.86806691
259.19742	0.86118948
259.85052	0.85135114
260.50357	0.81682146
261.15881	0.82237703
261.81177	0.77098215
262.46469	0.74328083
263.11978	0.71504426
263.77261	0.73781097
264.42538	0.7931971
265.07813	0.75047523
265.73306	0.75941223
266.38571	0.76257879
267.0383	0.81155366
267.69312	0.78818607
268.34561	0.7817983
268.99808	0.74739611
269.65051	0.70900077
270.30289	0.7654193
270.95746	0.79564446
271.60977	0.7102735
272.26199	0.66218543
272.91422	0.66767907
273.56638	0.66566521
274.21848	0.69645107
274.87277	0.59883648
275.52481	0.62323463
276.17679	0.58813685
276.82874	0.65603447
277.48062	0.62349689
278.13245	0.56674498
278.78427	0.53064203
279.436	0.53990138
280.08774	0.55270219
280.73941	0.52924544
281.39102	0.57809466
282.0426	0.52044868
282.69415	0.51542664
283.34787	0.60669541
283.99933	0.61817986
284.65073	0.62546158
285.30206	0.60300267
285.95114	0.57731712
286.60242	0.56974405
287.25366	0.60378391
287.90482	0.53885067
288.55597	0.52476239
289.20706	0.50109977
289.85809	0.49035656
290.50912	0.5283823
291.16006	0.5333243
291.81097	0.49299136
292.46185	0.56867146
293.11267	0.55164242
293.76346	0.58765066
294.41196	0.585513
295.06265	0.59493065
295.71332	0.54036385
296.36392	0.60691941
297.0145	0.54837579
297.66501	0.55328852
298.31323	0.49551877
298.96365	0.48512697
299.61404	0.48704064
300.2644	0.47900325
300.9147	0.44752178
301.56271	0.46073419
302.21292	0.50752759
302.86307	0.54953021
303.51321	0.5327816
304.16104	0.47508648
304.81107	0.46411195
305.46106	0.44730872
306.10876	0.51604027
306.75867	0.53263229
307.40854	0.48772901
308.05609	0.4791708
308.70587	0.48619756
309.35559	0.52720052
310.00305	0.54213011
310.65268	0.55233079
311.30228	0.52978444
311.94958	0.60254014
312.59909	0.6375742
313.24631	0.68797481
313.89572	0.72985721
314.5451	0.81094724
315.1922	0.77620453
315.84146	0.87435448
316.48849	0.85439205
317.13766	0.80331957
317.78461	0.77508646
318.43372	0.69629818
319.08054	0.73077863
319.72955	0.6789158
320.37628	0.65761316
321.02524	0.62477332
321.67188	0.61529368
322.32074	0.58171093
322.96729	0.56998622
323.61606	0.5984267
324.26254	0.57534868
324.90897	0.57303619
325.55759	0.63010854
326.20395	0.65467972
326.85248	0.64267093
327.49875	0.6182217
328.14496	0.63658541
328.79337	0.69922251
329.43948	0.82292151
330.0878	0.85987288
330.73386	0.84994179
331.37985	0.86350375
332.02805	0.93308568
332.67395	1.032248
333.31982	1.0561165
333.96564	0.9792527
334.61365	0.96595287
335.25937	1.0394933
335.90509	1.1040188
336.55295	1.0711844
337.19855	1.0625533
337.84412	1.007635
338.48965	1.0445974
339.1351	1.0302415
339.78278	1.0339488
340.42816	0.95848173
341.07352	0.85678101
341.71881	0.91542661
342.36407	0.87640476
343.01151	0.83562762
343.65668	0.78608477
344.30179	0.80695575
344.94687	0.80686843
345.59192	0.77724248
346.23691	0.83341157
346.88187	0.8030774
347.52676	0.76604027
348.17386	0.77401578
348.8187	0.83432031
349.46347	0.85517132
350.10818	0.83809865
350.7529	0.90307915
351.39752	0.88423282
352.04214	1.0626733
352.68671	1.019744
353.33121	1.0101588
353.97568	0.99011433
354.62012	1.0395772
355.2645	1.0447613
355.90884	1.0030026
356.55313	1.0275556
357.19739	0.93765068
357.84161	0.89714664
358.48578	0.90570849
359.12988	0.96496964
359.77399	0.94821548
360.4158	0.9605611
361.05978	0.93826252
361.70374	1.0539331
362.34766	1.1096635
362.99152	0.99303502
363.63535	1.0508504
364.27911	1.1271515
364.92285	1.1653519
365.5643	1.2358479
366.20795	1.2102354
366.85156	1.1550949
367.49512	1.1692103
368.13864	1.0810736
368.77988	1.0720475
369.42331	0.97615534
370.06671	0.87949669
370.71005	0.81829637
371.35333	0.73241925
371.99438	0.77740264
372.6376	0.71158999
373.28076	0.72693837
373.92166	0.73155797
374.56476	0.84328091
375.20779	0.87192172
375.8508	0.90823233
376.49152	0.77846605
377.13443	0.81258601
377.77731	0.82184523
378.41791	0.84940273
379.0607	0.76490772
379.7012	0.69922256
380.3439	0.71601486
380.98654	0.79808986
381.62692	0.80784804
382.2695	0.80060452
382.90979	0.85254383
383.55228	0.90167707
384.1947	0.92307258
384.8349	1.0539458
385.47723	1.1260788
386.11731	1.2487618
386.75958	1.3685859
387.3996	1.4784697
388.04175	1.6100258
388.68167	1.54884
389.32376	1.4803181
389.96359	1.2858735
390.60559	1.2692069
391.24533	1.2338122
391.88724	1.0930715
392.52692	1.0596708
393.16653	0.97144473
393.80832	1.0002295
394.44785	1.0637004
395.08954	1.0861247
395.72897	1.0852636
396.36838	0.92970973
397.00995	0.98430932
397.64926	1.0549785
398.29074	1.075174
398.92996	1.0265887
399.56915	0.97501189
400.21051	0.96847117
400.84961	0.97892863
401.48865	0.93612289
402.12988	0.88949341
402.76886	0.8510744
403.40778	0.80995119
404.04666	0.83047998
404.68771	0.79628724
405.32651	0.81551403
405.96527	0.74986529
406.60397	0.73858839
407.24484	0.66179943
407.88348	0.70447028
408.52206	0.66418839
409.16061	0.63303292
409.7991	0.68646163
410.43976	0.72291416
411.07819	0.76936889
411.71655	0.77562541
412.35489	0.83669835
412.99316	0.73566413
413.63141	0.74525839
414.26959	0.71475476
414.90775	0.67885208
415.54807	0.69253254
416.18613	0.63480097
416.82416	0.65254015
417.46216	0.65823233
418.1001	0.66270441
418.73798	0.5829491
419.37585	0.57554173
420.01364	0.65008008
420.65143	0.66332895
421.28915	0.63633418
421.92685	0.65452856
422.56448	0.62600428
423.20209	0.63455701
423.83963	0.60764778
424.47714	0.61397541
425.11462	0.57885206
425.75204	0.59459919
426.38943	0.5709877
427.02676	0.62122071
427.66406	0.5691303
428.30133	0.59229213
428.93634	0.60197937
429.57352	0.56979495
430.21063	0.61749154
430.84772	0.56858408
431.48477	0.58957714
432.12177	0.54737067
432.75873	0.58801305
433.39343	0.64584476
434.0303	0.71883541
434.66714	0.86413926
435.30392	0.98078048
435.94067	1.044144
436.57516	1.28719
437.21182	1.3801595
437.84845	1.4523271
438.48502	1.3043083
439.11932	1.3013585
439.75583	1.3414036
440.39227	1.2741014
441.02869	1.2342328
441.66284	1.1525402
442.29916	1.0734477
442.93542	0.99912417
443.56946	0.94492328
444.20566	0.88962638
444.8418	0.80656803
445.47571	0.63386321
446.11176	0.57656682
446.74777	0.54576093
447.38156	0.53731567
448.01749	0.48533818
448.65338	0.45053715
449.28705	0.46403912
449.92285	0.51625693
450.5564	0.50641686
451.19214	0.48572236
451.82562	0.40624383
452.46124	0.46204889
453.09464	0.4907335
453.73019	0.50135112
454.36349	0.49118325
454.99896	0.74044031
455.6322	1.1711953
456.26758	1.0561601
456.90073	0.73525071
457.53601	0.51228738
458.16907	0.51126409
458.80429	0.48562768
459.43726	0.48957723
460.07239	0.49419317
460.70529	0.50565749
461.34033	0.47953498
461.97311	0.39566991
462.6059	0.42027387
463.24081	0.43666014
463.87347	0.49929714
464.5061	0.44082087
465.1409	0.4877272
465.77344	0.45340329
466.40594	0.48294917
467.04062	0.48263046
467.67303	0.43582615
468.30542	0.46258786
468.93997	0.4324939
469.57227	0.45331952
470.2045	0.44808808
470.83893	0.48625952
471.4711	0.45784807
472.10321	0.45737463
472.73529	0.46920684
473.36734	0.46159002
474.00153	0.45424086
474.63348	0.45539168
475.26541	0.40340328
475.89728	0.50989658
476.52911	0.46859685
477.16312	0.45282784
477.79486	0.42003718
478.42654	0.43409997
479.05823	0.44818637
479.68985	0.44636187
480.32141	0.47537422
480.95297	0.42447284
481.58664	0.43263048
482.21811	0.42891583
482.84952	0.46233839
483.4809	0.43245748
484.11221	0.4104847
484.7435	0.42588767
485.37473	0.49356857
486.00595	0.48883069
486.63708	0.46645728
487.26822	0.44644928
487.89929	0.47390291
488.53033	0.44084272
489.16132	0.47508648
489.79227	0.42407772
490.42316	0.44135436
491.05405	0.43263048
491.68484	0.4060927
492.31564	0.47324738
492.94638	0.44961584
493.57709	0.43957716
494.20773	0.46258605
494.83615	0.44011438
495.46674	0.44530755
496.09726	0.47349685
496.72775	0.46789214
497.35818	0.44530573
497.98859	0.40987474
498.61896	0.44389454
499.24707	0.48434761
499.87735	0.4934065
500.5076	0.51781565
501.13779	0.55238903
501.76794	0.69414395
502.39584	1.0284697
503.02594	1.5231235
503.65594	1.8679214
504.28592	1.7143267
504.9137	1.6435285
505.54358	1.5223752
506.17346	1.3450563
506.80325	1.1989731
507.43085	0.91357654
508.06058	0.88474095
508.69028	0.80278784
509.31775	0.6890437
509.94736	0.57200015
510.5769	0.52389926
511.20425	0.5352143
511.83374	0.55061549
512.4632	0.56447983
513.09039	0.45640594
513.71973	0.51073605
514.34686	0.50794458
514.97614	0.46179944
515.60535	0.49414402
516.23236	0.47700027
516.86151	0.45031685
517.48846	0.48843005
518.11749	0.51443976
518.74432	0.47315815
519.37335	0.48448414
520.00006	0.46827996
520.62897	0.44064423
521.25562	0.47546709
521.88446	0.49068066
522.51105	0.44143268
523.13977	0.47492445
523.7663	0.4580957
524.3949	0.46459267
525.02136	0.47554174
525.64771	0.47344771
526.27625	0.50609273
526.90253	0.47825667
527.53101	0.4436906
528.15723	0.47838962
528.78339	0.50430828
529.41168	0.49274737
530.03778	0.49698827
530.66382	0.48184747
531.29199	0.5052551
531.91797	0.53942603
532.54388	0.51226377
533.17194	0.46311596
533.79779	0.46377692
534.42358	0.48719183
535.05151	0.45430824
535.67725	0.50107437
536.30292	0.45093778
536.92859	0.39743435
537.55634	0.43751594
538.18188	0.40895882
538.80737	0.49374339
539.43286	0.46159002
540.05829	0.41566518
540.68585	0.3954587
541.31122	0.4264631
541.93646	0.47118798
542.56177	0.38904184
543.18695	0.41356748
543.81213	0.44661316
544.43945	0.42098218
545.06458	0.47122076
545.68964	0.45485267
546.31464	0.44175318
546.93958	0.46065229
547.56451	0.44623622
548.18939	0.47183803
548.81427	0.43996322
549.43909	0.44513276
550.06384	0.425549
550.68854	0.46813434
551.31323	0.4623366
551.93787	0.43512693
552.56244	0.47793257
553.18701	0.41105282
553.81152	0.45525512
554.43604	0.48341349
555.06042	0.45130014
555.68481	0.47682539
556.3092	0.46077424
556.93347	0.44937545
557.55774	0.50300264
558.18201	0.47706401
558.80615	0.4490841
559.4303	0.44438618
560.05444	0.46805966
560.67633	0.50217599
561.30035	0.49693361
561.92432	0.49196619
562.54822	0.4443844
563.17212	0.47329655
563.79602	0.50467974
564.41766	0.43070394
565.04138	0.50081754
565.66516	0.44011438
566.28882	0.43772537
566.91248	0.46710914
567.53394	0.48512697
568.15747	0.46933249
568.78101	0.43866673
569.40448	0.47027388
570.02576	0.44591206
570.64917	0.46410283
571.27252	0.52460396
571.89368	0.45880038
572.51697	0.4515259
573.1402	0.46246225
573.76123	0.42793259
574.3844	0.48123205
575.00751	0.49768931
575.62842	0.4717634
576.2514	0.49842855
576.87439	0.44329181
577.49518	0.50534618
578.1181	0.48261958
578.73883	0.52381551
579.36163	0.46072692
579.98444	0.46789214
580.60498	0.48241928
581.22772	0.49121964
581.84821	0.491602
582.47083	0.44529483
583.09125	0.4506883
583.71375	0.44566992
584.33411	0.48023421
584.95654	0.49106851
585.57678	0.40706873
586.19916	0.43316942
586.81934	0.46660659
587.44165	0.48616117
588.06171	0.45994759
588.68176	0.529697
589.30389	0.48619756
589.92389	0.5104847
590.54596	0.49328092
591.16583	0.48612112
591.78571	0.52237523
592.40765	0.46365127
593.0274	0.49381801
593.64929	0.54414392
594.26898	0.51550311
594.88861	0.55115074
595.51038	0.52673984
596.12994	0.46365494
596.74945	0.524014
597.3689	0.52900326
597.99048	0.48414725
598.60986	0.48757419
599.22925	0.50703233
599.84857	0.53229541
600.46997	0.51751703
601.08923	0.51411378
601.70837	0.4506883
602.32751	0.48024145
602.94879	0.5008176
603.56787	0.55624759
604.18689	0.52093118
604.80585	0.51311594
605.4248	0.52237701
606.0437	0.506832
606.66473	0.52237701
607.28357	0.50385851
607.90234	0.51419026
608.52106	0.4580957
609.13977	0.47522306
609.75842	0.4717215
610.37708	0.50987285
610.99561	0.46246225
611.61414	0.4466241
612.23267	0.40517133
612.85114	0.38751593
613.46954	0.4660421
614.08789	0.44862708
614.70624	0.42315999
615.32452	0.40380749
615.94275	0.4216468
616.56097	0.45804471
617.17914	0.39089367
617.7973	0.40364364
618.41534	0.42262647
619.03339	0.42954221
619.65143	0.4820933
620.26941	0.50748575
620.88733	0.61867148
621.50519	0.5789268
622.12305	0.6340217
622.74084	0.57539058
623.35858	0.59737068
623.97418	0.54373074
624.59186	0.48118106
625.20947	0.44011435
625.82709	0.47669256
626.44464	0.44526929
627.06219	0.45373285
627.67749	0.47315815
628.29492	0.41862231
628.91235	0.43222079
629.52972	0.46069777
630.14484	0.48287448
630.76215	0.46555772
631.37939	0.38410905
631.99658	0.4198696
632.61157	0.41913033
633.2287	0.43348631
633.84576	0.45307913
634.46277	0.42216399
635.07764	0.41768092
635.69458	0.42903239
636.31146	0.45221788
636.92621	0.43122292
637.54303	0.41356748
638.15765	0.38464439
638.77441	0.4004789
639.39111	0.42336029
640.00568	0.43076769
640.62225	0.43415821
641.23669	0.42740086
641.85327	0.41114935
642.46979	0.44961584
643.08411	0.48163447
643.7005	0.40200481
644.31476	0.47422704
644.93109	0.50423175
645.54523	0.45286426
646.1615	0.53193492
646.77557	0.52319825
647.39178	0.51389891
648.00574	0.48534
648.62189	0.49064606
649.23578	0.51287013
649.85181	0.44089371
650.46564	0.38142142
651.07941	0.39340654
651.69531	0.40739831
652.30902	0.41113845
652.92487	0.42771953
653.53851	0.37841508
654.1521	0.37562549
654.76776	0.38144869
655.38129	0.40508574
655.99475	0.39311516
656.61035	0.41123125
657.22375	0.35364544
657.8371	0.3825576
658.45251	0.35492915
659.0658	0.36258605
659.67902	0.38641065
660.29224	0.29492334
660.90753	0.36998615
661.52063	0.33241743
662.13367	0.35246366
662.7467	0.36072689
663.36188	0.3633672
663.97479	0.31542662
664.58771	0.31550309
665.20056	0.3357096
665.81342	0.36218727
666.42834	0.35973448
667.04108	0.31550312
667.65381	0.2726647
