12.064746	1.196318
12.741686	0.87895948
13.420881	0.96229279
14.100029	0.87895948
14.776827	0.91201794
15.455879	0.86484581
16.134884	0.81942528
16.811541	0.75020576
17.490452	0.7286846
18.167013	0.65390944
18.845829	0.57427979
19.522297	0.61783928
20.201017	0.54279834
20.87969	0.52798355
21.556017	0.50646234
22.234594	0.48891076
22.910826	0.44535124
23.58931	0.45488548
24.265448	0.38855383
24.943836	0.35488549
25.619879	0.36316872
26.298174	0.39650205
26.974121	0.36599657
27.652321	0.37895954
28.328176	0.32242802
29.003983	0.32242802
29.682041	0.32983539
30.357754	0.32373902
31.035717	0.30117267
31.711334	0.27373901
32.389202	0.31818348
33.064728	0.31262791
33.740204	0.29596126
34.417931	0.27744275
35.093315	0.29040569
35.76865	0.34747806
36.446236	0.32929459
37.121479	0.35336867
37.796673	0.29835394
38.474117	0.30090678
39.149216	0.29349938
39.824268	0.29507631
40.501572	0.22983541
41.176533	0.34932992
41.851444	0.30619651
42.52631	0.2946502
43.203423	0.2681835
43.878193	0.22188717
44.552917	0.25205761
45.227596	0.27744275
45.904522	0.22057614
46.579102	0.27101132
47.253639	0.29596126
47.928127	0.22929458
48.604866	0.37188718
49.279263	0.33724278
49.953609	0.27983537
50.627911	0.23485014
51.302166	0.25576133
51.976372	0.24410941
52.650536	0.20990022
53.326942	0.2308023
54.001007	0.20858917
54.675026	0.20020577
55.348999	0.21687244
56.022926	0.20488547
56.696808	0.21262792
57.37064	0.2372428
58.044426	0.24410941
58.718163	0.2552205
59.391857	0.21299393
60.065502	0.15576132
60.739098	0.19562621
61.412651	0.20892422
62.086155	0.13724281
62.759613	0.15946503
63.433022	0.15646237
64.106384	0.16687244
64.779701	0.20488547
65.452972	0.21077608
66.126198	0.1946502
66.799377	0.17373903
67.472504	0.1808023
68.145592	0.16316873
68.818626	0.17003533
69.491615	0.21669763
70.164558	0.21070689
70.837456	0.18081139
71.510307	0.16872428
72.183105	0.184506
72.855865	0.15151681
73.526283	0.22188717
74.198944	0.21229288
74.871567	0.20303363
75.544136	0.17524675
76.216652	0.17744274
76.88913	0.24040571
77.559273	0.18670201
78.231651	0.19225755
78.903992	0.19508539
79.576279	0.21783933
80.24852	0.23539095
80.918434	0.34164754
81.590584	1.4002057
82.26268	1.9453514
82.934738	1.3439183
83.604462	0.47798353
84.276428	0.26502061
84.948341	0.25303364
85.620209	0.19650206
86.289749	0.18724281
86.961525	0.19410941
87.633255	0.21077608
88.30265	0.24040571
88.974289	0.24225755
89.645874	0.21316873
90.31514	0.21872428
90.986633	0.2335391
91.658081	0.21633163
92.327202	0.20151681
92.998558	0.21131687
93.667587	0.21414472
94.338852	0.24650207
95.010071	0.20761319
95.678955	0.17744274
96.350082	0.18485014
97.018875	0.18424015
97.689903	0.2323883
98.358612	0.19774392
99.029549	0.17983539
99.698158	0.16447976
100.369	0.19279836
101.03752	0.20151681
101.70827	0.2138698
102.37669	0.236702
103.04736	0.19835392
103.71569	0.24747808
104.38625	0.24905497
105.0545	0.28855383
105.72497	0.35858917
106.39311	0.81016612
107.0635	2.0870681
107.73155	3.4287388
108.39956	2.8737283
109.0698	1.6704015
109.73772	0.91016608
110.40787	0.80655342
111.07569	0.69966495
111.74347	0.63581699
112.41348	0.58485013
113.08116	0.60373467
113.7488	0.58168721
114.41867	0.59999454
115.08621	0.55090678
115.75372	0.62552166
116.42345	0.57188714
117.09086	0.63114643
117.75822	0.69720304
118.42781	0.73571688
119.09508	0.7483539
119.7623	0.74693722
120.42948	0.93292904
121.09888	0.97559088
121.76597	1.0579792
122.43301	1.0657216
123.1	1.2390946
123.76694	1.4532994
124.43613	1.5328273
125.10298	1.7374977
125.76978	1.9611331
126.43655	2.3194251
127.10326	2.6372426
127.77221	2.8168724
128.43883	2.6613169
129.10541	2.7307711
129.77194	2.5578079
130.43843	2.4002059
131.10487	1.9345058
131.77126	1.5321224
132.43761	1.2778088
133.10391	1.0074292
133.77245	0.86299759
134.43864	0.74817914
135.10481	0.57127708
135.77094	0.46970028
136.437	0.44932082
137.10303	0.39562619
137.76901	0.37003532
138.43494	0.32868463
139.10083	0.40804836
139.76666	0.41447976
140.43246	0.42983538
141.09822	0.51633161
141.76392	0.53396517
142.42958	0.57339483
143.09518	0.68451506
143.76076	0.93483919
144.42627	1.3762721
145.08948	2.3274226
145.7549	7.5048852
146.42029	46.490627
147.08562	90.063644
147.75092	67.50428
148.41615	16.922787
149.08136	2.6016314
149.74651	1.1422576
150.40935	0.88891983
151.07442	0.74835384
151.73943	0.69693726
152.4044	0.75858915
153.06932	0.90946496
153.73419	2.0732236
154.39676	7.222929
155.06155	11.546581
155.72629	9.1998043
156.39098	3.6518862
157.05563	1.6018865
157.71797	1.0316871
158.38252	0.74279827
159.04704	0.60743833
159.70923	1.0413817
160.37366	1.272428
161.03802	0.95188278
161.70236	0.57798356
162.36438	0.4987199
163.02861	0.50151676
163.69279	0.51942527
164.35468	0.48820969
165.01878	0.47710767
165.68283	0.50761318
166.34457	0.58081132
167.00854	0.59781307
167.67245	0.70576125
168.33406	0.73636699
168.99789	0.96201795
169.65941	1.3704014
170.32314	1.933905
170.98456	4.3199258
171.64821	15.30859
172.3118	35.229881
172.97308	35.567989
173.6366	16.988739
174.29779	5.3164463
174.96121	2.1138699
175.62231	1.3265669
176.28563	0.92427981
176.94666	0.70020574
177.60988	0.62057608
178.2708	0.53168726
178.93394	0.51687247
179.59477	0.50522047
180.25783	0.47552168
180.91856	0.45336866
181.57927	0.48539096
182.24217	0.44650206
182.90279	0.47127718
183.56561	0.45144764
184.22612	0.48821881
184.8866	0.6113168
185.54927	0.56353474
186.20966	0.53670198
186.87225	0.43238831
187.53253	0.372794
188.19278	0.33635786
188.85524	0.34225756
189.5154	0.29447541
190.17549	0.28353912
190.83781	0.30707234
191.49783	0.32127717
192.15781	0.32155216
192.81773	0.3759478
193.47987	0.39007065
194.13971	0.40576133
194.79948	0.37427986
195.45923	0.40303361
196.1212	0.37966061
196.78085	0.33821881
197.44046	0.31872427
198.10002	0.41113293
198.75954	0.32242802
199.42126	0.38265416
200.08069	0.372428
200.74008	0.36969119
201.39941	0.40205762
202.0587	0.47188717
202.71796	0.50761318
203.37941	0.65608543
204.03856	0.76996613
204.69768	0.89040565
205.35674	0.79500705
206.01576	0.71386981
206.67473	0.57683271
207.33366	0.59781307
207.99255	0.59596127
208.65138	0.71538657
209.31018	0.73212242
209.96893	0.85946494
210.62764	0.87895036
211.2863	1.0993301
211.94492	1.2876781
212.60349	1.4092902
213.26201	1.5821224
213.92049	1.9567374
214.57892	2.890821
215.2373	4.8003459
215.89565	9.8498278
216.55394	20.760815
217.2122	40.281494
217.87041	73.639091
218.52856	127.77844
219.18669	212.2433
219.84476	309.4324
220.50279	318.49921
221.16077	216.71889
221.81871	99.704933
222.47435	37.219406
223.13219	13.387943
223.78999	6.2690535
224.44775	3.9801648
225.10547	3.1531372
225.76314	2.3458917
226.42076	1.7950854
227.07608	1.3700353
227.73361	1.1712774
228.3911	1.0784187
229.04854	0.99465013
229.70369	0.84377426
230.36104	0.75275868
231.01834	0.7876088
231.67561	0.75020576
232.33058	0.72225314
232.98775	0.70151681
233.64488	0.70803922
234.30196	0.71811426
234.95674	0.68855381
235.61374	0.72648853
236.27069	0.67312902
236.92534	0.66316867
237.5822	0.78151244
238.23901	0.84966493
238.89354	0.86044097
239.55026	0.75831425
240.20694	0.83027059
240.86131	0.8742798
241.51791	0.88151246
242.17221	0.80892414
242.8287	0.76915944
243.48515	0.76077598
244.13931	0.73027056
244.79568	0.81414473
245.44975	0.72040492
246.10603	0.70946497
246.76001	0.6847809
247.4162	0.75090683
248.0701	0.78653079
248.7262	0.74535125
249.37999	0.75488549
250.036	0.74720305
250.68971	0.82286316
251.34563	0.8422575
251.99925	0.87895948
252.65509	1.0234039
253.30862	1.2168726
253.96436	1.6695292
254.61781	2.1709023
255.27121	2.074096
255.92682	1.7181835
256.58014	1.2978133
257.23563	1.1527587
257.88885	1.0944754
258.54205	1.061317
259.19742	1.0397956
259.85052	1.0291235
260.50357	1.0328271
261.15881	1.1539094
261.81177	1.0718873
262.46469	0.93424016
263.11978	0.92224407
263.77261	0.88520706
264.42538	0.98821872
265.07813	0.95242369
265.73306	0.92285407
266.38571	0.94650197
267.0383	0.95673728
267.69312	1.04933
268.34561	1.0113168
268.99808	0.97340393
269.65051	0.95423353
270.30289	0.96544665
270.95746	0.91447979
271.60977	0.88767797
272.26199	0.79932988
272.91422	0.87594783
273.56638	0.83724278
274.21848	0.84632719
274.87277	0.81113303
275.52481	0.70892417
276.17679	0.70646232
276.82874	0.758753
277.48062	0.73855382
278.13245	0.63168716
278.78427	0.66599655
279.436	0.59779304
280.08774	0.68353909
280.73941	0.74410933
281.39102	0.66386974
282.0426	0.61502051
282.69415	0.69964492
283.34787	0.75090683
283.99933	0.7956261
284.65073	0.73609197
285.30206	0.6863578
285.95114	0.68390507
286.60242	0.71201789
287.25366	0.69225752
287.90482	0.66447979
288.55597	0.62655771
289.20706	0.58168721
289.85809	0.58724278
290.50912	0.59465015
291.16006	0.63397425
291.81097	0.54535127
292.46185	0.58724278
293.11267	0.67410499
293.76346	0.66626245
294.41196	0.6321224
295.06265	0.68891984
295.71332	0.65487635
296.36392	0.64650208
297.0145	0.63909465
297.66501	0.65488547
298.31323	0.53581697
298.96365	0.50576127
299.61404	0.50989109
300.2644	0.57929456
300.9147	0.49747807
301.56271	0.50892419
302.21292	0.50707233
302.86307	0.58820969
303.51321	0.56969112
304.16104	0.5298354
304.81107	0.52798355
305.46106	0.5126279
306.10876	0.52983534
306.75867	0.59077173
307.40854	0.5926891
308.05609	0.54040563
308.70587	0.50831419
309.35559	0.61353469
310.00305	0.66687238
310.65268	0.72171605
311.30228	0.72460943
311.94958	0.77497536
312.59909	0.79966491
313.24631	0.84501624
313.89572	0.94966501
314.5451	1.1037384
315.1922	1.0937744
315.84146	1.1845698
316.48849	1.1700208
317.13766	1.1987891
317.78461	1.0009068
318.43372	0.96872425
319.08054	0.8927983
319.72955	0.88760877
320.37628	0.87559086
321.02524	0.76447976
321.67188	0.75302446
322.32074	0.68081135
322.96729	0.69508541
323.61606	0.66077602
324.26254	0.67613161
324.90897	0.63424015
325.55759	0.74094653
326.20395	0.83670199
326.85248	0.83031976
327.49875	0.8552205
328.14496	0.79720312
328.79337	0.95946497
329.43948	1.0037256
330.0878	1.1154467
330.73386	1.1574385
331.37985	1.2074386
332.02805	1.2607762
332.67395	1.3326542
333.31982	1.3394606
333.96564	1.347203
334.61365	1.3144106
335.25937	1.424105
335.90509	1.4920864
336.55295	1.5564624
337.19855	1.4648459
337.84412	1.4450071
338.48965	1.4798355
339.1351	1.530349
339.78278	1.3298354
340.42816	1.284515
341.07352	1.123739
341.71881	1.1376089
342.36407	1.0691594
343.01151	1.1342403
343.65668	1.071543
344.30179	0.96502048
344.94687	1.099035
345.59192	1.1159967
346.23691	1.1441095
346.88187	1.1358171
347.52676	1.0204014
348.17386	0.97524673
348.8187	1.109465
349.46347	1.1743709
350.10818	1.2178483
350.7529	1.2286847
351.39752	1.3700153
352.04214	1.4826634
352.68671	1.5631689
353.33121	1.5843313
353.97568	1.4620725
354.62012	1.3957901
355.2645	1.49933
355.90884	1.4061966
356.55313	1.2957901
357.19739	1.2789596
357.84161	1.2286847
358.48578	1.2163316
359.12988	1.3361832
359.77399	1.3196912
360.4158	1.2983538
361.05978	1.2969373
361.70374	1.39868
362.34766	1.5178485
362.99152	1.5345151
363.63535	1.6107069
364.27911	1.5991497
364.92285	1.7528224
365.5643	1.7900708
366.20795	1.8326633
366.85156	1.674981
367.49512	1.7053864
368.13864	1.6580484
368.77988	1.512628
369.42331	1.3272717
370.06671	1.0811465
370.71005	1.0629977
371.35333	0.93575692
371.99438	0.96872425
372.6376	0.93703157
373.28076	0.88609201
373.92166	0.95522052
374.56476	0.95275867
375.20779	1.0033687
375.8508	1.1681836
376.49152	1.1792254
377.13443	1.1006411
377.77731	1.1835392
378.41791	1.0993298
379.0607	1.0382097
379.7012	0.9933393
380.3439	0.95118171
380.98654	1.0305364
381.62692	1.0884845
382.2695	1.109465
382.90979	1.0638698
383.55228	1.1434995
384.1947	1.3459611
384.8349	1.5796515
385.47723	1.785391
386.11731	1.9169872
386.75958	2.1421883
387.3996	2.3518867
388.04175	2.7231762
388.68167	2.5496647
389.32376	2.3094652
389.96359	1.981516
390.60559	1.736702
391.24533	1.7900708
391.88724	1.621543
392.52692	1.5987691
393.16653	1.3469281
393.80832	1.3638698
394.44785	1.4500219
395.08954	1.4426235
395.72897	1.4181143
396.36838	1.3860921
397.00995	1.4561875
397.64926	1.4520576
398.29074	1.5212773
398.92996	1.3792946
399.56915	1.3024927
400.21051	1.2789596
400.84961	1.3120071
401.48865	1.2847408
402.12988	1.209465
402.76886	1.1789596
403.40778	1.0681835
404.04666	1.085207
404.68771	1.0298353
405.32651	0.96298492
405.96527	0.8487891
406.60397	0.810776
407.24484	0.8580392
407.88348	0.91175205
408.52206	0.8279835
409.16061	0.75205767
409.7991	0.77312905
410.43976	0.88759971
411.07819	0.94746888
411.71655	0.95707238
412.35489	0.98724276
412.99316	0.92498094
413.63141	0.9580484
414.26959	0.8675735
414.90775	0.86669761
415.54807	0.80487633
416.18613	0.78150338
416.82416	0.76359481
417.46216	0.76352566
418.1001	0.75118178
418.73798	0.72427982
419.37585	0.66942525
420.01364	0.72427982
420.65143	0.72498095
421.28915	0.75002187
421.92685	0.77040124
422.56448	0.69225752
423.20209	0.70618737
423.83963	0.68794376
424.47714	0.7652846
425.11462	0.66447979
425.75204	0.62744266
426.38943	0.65858006
427.02676	0.64835387
427.66406	0.65743834
428.30133	0.63451505
428.93634	0.64562619
429.57352	0.66730762
430.21063	0.64033645
430.84772	0.72046685
431.48477	0.66201788
432.12177	0.65990013
432.75873	0.66598737
433.39343	0.66414469
434.0303	0.84650201
434.66714	1.1358169
435.30392	1.3172295
435.94067	1.6048763
436.57516	1.8654557
437.21182	2.0440893
437.84845	2.0241051
438.48502	1.922794
439.11932	1.9333644
439.75583	1.8741052
440.39227	1.8755909
441.02869	1.921818
441.66284	1.7842402
442.29916	1.5311264
442.93542	1.5389198
443.56946	1.4135948
444.20566	1.3493301
444.8418	1.1852199
445.47571	0.84650207
446.11176	0.72224408
446.74777	0.67798352
447.38156	0.62841874
448.01749	0.55646235
448.65338	0.52983534
449.28705	0.50390947
449.92285	0.46483666
450.5564	0.4413034
451.19214	0.46131688
451.82562	0.48336422
452.46124	0.43424013
453.09464	0.52242798
453.73019	0.54376519
454.36349	0.49138168
454.99896	0.88724273
455.6322	1.5024928
456.26758	1.3685532
456.90073	0.97710764
457.53601	0.57524675
458.16907	0.51854944
458.80429	0.55205762
459.43726	0.54835391
460.07239	0.52427983
460.70529	0.52595687
461.34033	0.45576134
461.97311	0.46262792
462.6059	0.43767798
463.24081	0.45488548
463.87347	0.51722932
464.5061	0.44447538
465.1409	0.46517533
465.77344	0.41201791
466.40594	0.50487632
467.04062	0.52101129
467.67303	0.49720305
468.30542	0.46359482
468.93997	0.46854946
469.57227	0.48724279
470.2045	0.52101129
470.83893	0.49279836
471.4711	0.45646235
472.10321	0.44535124
472.73529	0.46757346
473.36734	0.42242801
474.00153	0.45707235
474.63348	0.45118177
475.26541	0.40892422
475.89728	0.46757346
476.52911	0.4157216
477.16312	0.45558649
477.79486	0.44410941
478.42654	0.43909466
479.05823	0.42057613
479.68985	0.47242799
480.32141	0.4663316
480.95297	0.47275209
481.58664	0.41262791
482.21811	0.44561711
482.84952	0.49040565
483.4809	0.50952327
484.11221	0.510665
484.7435	0.50599438
485.37473	0.44410941
486.00595	0.45144764
486.63708	0.50743836
487.26822	0.40946501
487.89929	0.42737356
488.53033	0.41316873
489.16132	0.43168727
489.79227	0.47983539
490.42316	0.44966495
491.05405	0.44817001
491.68484	0.44410941
492.31564	0.39966494
492.94638	0.44781309
493.57709	0.40576133
494.20773	0.45088679
494.83615	0.39349937
495.46674	0.40275866
496.09726	0.46872428
496.72775	0.40461051
497.35818	0.34905496
497.98859	0.50414252
498.61896	0.53914386
499.24707	0.49619433
499.87735	0.53006846
500.5076	0.48915291
501.13779	0.58173645
501.76794	0.83632511
502.39584	1.311976
503.02594	1.8995957
503.65594	2.3483138
504.28592	2.3966422
504.9137	2.2905695
505.54358	2.1230962
506.17346	2.0061474
506.80325	1.5599003
507.43085	1.2148459
508.06058	1.0650207
508.69028	0.95118171
509.31775	0.78336424
509.94736	0.70673734
510.5769	0.58909458
511.20425	0.62868464
511.83374	0.60249275
512.4632	0.55302447
513.09039	0.51502061
513.71973	0.54262358
514.34686	0.51783931
514.97614	0.4919225
515.60535	0.53663278
516.23236	0.58212245
516.86151	0.50151676
517.48846	0.49006158
518.11749	0.59303147
518.74432	0.59434247
519.37335	0.56780654
520.00006	0.54094654
520.62897	0.5126279
521.25562	0.57427984
521.88446	0.53855383
522.51105	0.57895046
523.13977	0.50151676
523.7663	0.50002182
524.3949	0.48168725
525.02136	0.51818347
525.64771	0.53706795
526.27625	0.48397428
526.90253	0.52929455
527.53101	0.51131684
528.15723	0.49465021
528.78339	0.53574783
529.41168	0.52929455
530.03778	0.49218836
530.66382	0.54904038
531.29199	0.49720305
531.91797	0.4879438
532.54388	0.51316869
533.17194	0.47552168
533.79779	0.48478094
534.42358	0.48724279
535.05151	0.51669759
535.67725	0.46228376
536.30292	0.46386975
536.92859	0.41545576
537.55634	0.45205763
538.18188	0.49686804
538.80737	0.48485011
539.43286	0.46168289
540.05829	0.41915947
540.68585	0.42683271
541.31122	0.45020577
541.93646	0.39781311
542.56177	0.45804837
543.18695	0.43114644
543.81213	0.47895953
544.43945	0.4446502
545.06458	0.47057614
545.68964	0.52285403
546.31464	0.48891979
546.93958	0.43265417
547.56451	0.43451509
548.18939	0.49447536
548.81427	0.45329949
549.43909	0.46872428
550.06384	0.45219785
550.68854	0.4530336
551.31323	0.4835391
551.93787	0.47798353
552.56244	0.43424013
553.18701	0.43855384
553.81152	0.43539095
554.43604	0.43794385
555.06042	0.49633089
555.68481	0.50088674
556.3092	0.45275867
556.93347	0.45151681
557.55774	0.50205761
558.18201	0.5027386
558.80615	0.47559085
559.4303	0.42895043
560.05444	0.45858917
560.67633	0.4811464
561.30035	0.42710769
561.92432	0.43299827
562.54822	0.45329949
563.17212	0.44410941
563.79602	0.48168725
564.41766	0.45892423
565.04138	0.47780868
565.66516	0.44932991
566.28882	0.41915947
566.91248	0.4542664
567.53394	0.46262792
568.15747	0.45978916
568.78101	0.42224407
569.40448	0.41687244
570.02576	0.42427984
570.64917	0.48821881
571.27252	0.46113294
571.89368	0.44279835
572.51697	0.45646235
573.1402	0.43946066
573.76123	0.45858917
574.3844	0.50901526
575.00751	0.55488545
575.62842	0.40390947
576.2514	0.47798353
576.87439	0.4546105
577.49518	0.50465965
578.1181	0.47496083
578.73883	0.46360391
579.36163	0.43609199
579.98444	0.45761317
580.60498	0.45515135
581.22772	0.51228374
581.84821	0.49192244
582.47083	0.43299827
583.09125	0.48724279
583.71375	0.4858261
584.33411	0.49507627
584.95654	0.49316436
585.57678	0.45205763
586.19916	0.43478099
586.81934	0.48636693
587.44165	0.54562622
588.06171	0.5270986
588.68176	0.45205763
589.30389	0.52279395
589.92389	0.48820969
590.54596	0.5446502
591.16583	0.51784837
591.78571	0.49905491
592.40765	0.52613169
593.0274	0.53855383
593.64929	0.57188714
594.26898	0.61872429
594.88861	0.63521612
595.51038	0.51783931
596.12994	0.60088676
596.74945	0.62927449
597.3689	0.65946501
597.99048	0.5889107
598.60986	0.6493299
599.22925	0.59650207
599.84857	0.61818343
600.46997	0.5987891
601.08923	0.64164758
601.70837	0.5779835
602.32751	0.59877992
602.94879	0.57927454
603.56787	0.60390949
604.18689	0.59650201
604.80585	0.5631687
605.4248	0.6113168
606.0437	0.59747803
606.66473	0.6113168
607.28357	0.67498088
607.90234	0.58485013
608.52106	0.54589206
609.13977	0.56502056
609.75842	0.56483668
610.37708	0.54410934
610.99561	0.51316869
611.61414	0.49562618
612.23267	0.43855384
612.85114	0.44781309
613.46954	0.48909467
614.08789	0.4977439
614.70624	0.45955607
615.32452	0.41598749
615.94275	0.39781311
616.56097	0.43081141
617.17914	0.48539096
617.7973	0.44871992
618.41534	0.36872429
619.03339	0.40885505
619.65143	0.51633161
620.26941	0.60831428
620.88733	0.67613167
621.50519	0.72683275
622.12305	0.75002187
622.74084	0.76168287
623.35858	0.70303363
623.97418	0.64491427
624.59186	0.53292912
625.20947	0.51687247
625.82709	0.47410497
626.44464	0.45205766
627.06219	0.51060486
627.67749	0.43952984
628.29492	0.41626245
628.91235	0.40205762
629.52972	0.49323353
630.14484	0.5265578
630.76215	0.41316873
631.37939	0.46262792
631.99658	0.41687244
632.61157	0.46386975
633.2287	0.48724279
633.84576	0.44535124
634.46277	0.42710769
635.07764	0.43265417
635.69458	0.42057613
636.31146	0.37373903
636.92621	0.42057613
637.54303	0.372428
638.15765	0.36262792
638.77441	0.35646239
639.39111	0.38485014
640.00568	0.37524673
640.62225	0.39693725
641.23669	0.40982196
641.85327	0.40761319
642.46979	0.45946503
643.08411	0.45090678
643.7005	0.44781309
644.31476	0.42798355
644.93109	0.47498083
645.54523	0.47373903
646.1615	0.47498083
646.77557	0.53151244
647.39178	0.50434464
648.00574	0.48670197
648.62189	0.45373467
649.23578	0.47471502
649.85181	0.39164752
650.46564	0.38266325
651.07941	0.38168725
651.69531	0.32373902
652.30902	0.31484577
652.92487	0.33670199
653.53851	0.31872427
654.1521	0.34192249
654.76776	0.34377435
655.38129	0.36131686
655.99475	0.37138098
656.61035	0.36262792
657.22375	0.35063183
657.8371	0.32965147
658.45251	0.35488549
659.0658	0.34007066
659.67902	0.40390947
660.29224	0.31441057
660.90753	0.36447975
661.52063	0.31687245
662.13367	0.30673733
662.7467	0.3329291
663.36188	0.34040567
663.97479	0.36077607
664.58771	0.36255875
665.20056	0.31386977
665.81342	0.32471505
666.42834	0.32744274
667.04108	0.25761318
667.65381	0.2641356
