12.064746	0.18656543
12.741686	0.10427
13.420881	0.049668595
14.100029	0.10427
14.776827	0.099692263
15.455879	0.10862013
16.134884	0.11974581
16.811541	0.10727631
17.490452	0.11820168
18.167013	0.089775667
18.845829	0.11633527
19.522297	0.096367307
20.201017	0.090409331
20.87969	0.11118212
21.556017	0.093972825
22.234594	0.086929604
22.910826	0.095316656
23.58931	0.11954549
24.265448	0.10338686
24.943836	0.077848785
25.619879	0.084853776
26.298174	0.081150085
26.974121	0.10642776
27.652321	0.094313338
28.328176	0.084360324
29.003983	0.10425908
29.682041	0.079312794
30.357754	0.094313338
31.035717	0.071914487
31.711334	0.10678284
32.389202	0.066737674
33.064728	0.066195048
33.740204	0.069898754
34.417931	0.10172074
35.093315	0.088557482
35.76865	0.09060964
36.446236	0.090269119
37.121479	0.093479373
37.796673	0.089775667
38.474117	0.15812485
39.149216	0.14750902
39.824268	0.11113477
40.501572	0.082248084
41.176533	0.085008554
41.851444	0.10007101
42.52631	0.13223715
43.203423	0.10352708
43.878193	0.1008722
44.552917	0.099528387
45.227596	0.062491354
45.904522	0.090269119
46.579102	0.082861714
47.253639	0.096707821
47.928127	0.08591719
48.604866	0.093805313
49.279263	0.10075749
49.953609	0.12374266
50.627911	0.092461489
51.302166	0.098219156
51.976372	0.086705633
52.650536	0.086412467
53.326942	0.082899958
54.001007	0.066042103
54.675026	0.10287884
55.348999	0.091612943
56.022926	0.092261188
56.696808	0.064483412
57.37064	0.10727631
58.044426	0.12579481
58.718163	0.12360246
59.391857	0.081150077
60.065502	0.088557482
60.739098	0.09248516
61.412651	0.10537893
62.086155	0.10709057
62.759613	0.11113478
63.433022	0.1045759
64.106384	0.10761862
64.779701	0.11536655
65.452972	0.12784879
66.126198	0.11383517
66.799377	0.094608329
67.472504	0.11115846
68.145592	0.077446371
68.818626	0.10352708
69.491615	0.073942974
70.164558	0.090409331
70.837456	0.10628755
71.510307	0.11337449
72.183105	0.086705633
72.855865	0.12429986
73.526283	0.0996686
74.198944	0.10323209
74.871567	0.11667576
75.544136	0.11773918
76.216652	0.079158016
76.88913	0.11633526
77.559273	0.11014604
78.231651	0.11249135
78.903992	0.11283185
79.576279	0.090269119
80.24852	0.11959103
80.918434	0.19716851
81.590584	0.75868201
82.26268	1.4865891
82.934738	1.2385957
83.604462	0.46199787
84.276428	0.20290251
84.948341	0.18286173
85.620209	0.1533723
86.289749	0.15102699
86.961525	0.14411305
87.633255	0.1471685
88.30265	0.13607197
88.974289	0.13905278
89.645874	0.13253213
90.31514	0.14531665
90.986633	0.1496686
91.658081	0.14411305
92.327202	0.11755345
92.998558	0.12559453
93.667587	0.14260171
94.338852	0.12866455
95.010071	0.12744638
95.678955	0.12003896
96.350082	0.16482393
97.018875	0.12389744
97.689903	0.12780146
98.358612	0.13670564
99.029549	0.13826433
99.698158	0.15457591
100.369	0.1638352
101.03752	0.12561819
101.70827	0.13858114
102.37669	0.13100988
103.04736	0.15007101
103.71569	0.13744855
104.38625	0.18115009
105.0545	0.15827961
105.72497	0.20522417
106.39311	0.46874431
107.0635	1.3137187
107.73155	2.5253375
108.39956	2.5579953
109.0698	1.6092684
109.73772	0.88237739
110.40787	0.66954553
111.07569	0.55189908
111.74347	0.47697657
112.41348	0.50021487
113.08116	0.43930042
113.7488	0.48806399
114.41867	0.47949851
115.08621	0.48944426
115.75372	0.46554682
116.42345	0.4927929
117.09086	0.5278725
117.75822	0.57945305
118.42781	0.63753414
119.09508	0.5934903
119.7623	0.62378097
120.42948	0.80244178
121.09888	0.82224584
121.76597	0.86757714
122.43301	0.9113223
123.1	1.0792983
123.76694	1.2234732
124.43613	1.3675389
125.10298	1.4774702
125.76978	1.5778488
126.43655	1.7830402
127.10326	2.1713138
127.77221	2.4589658
128.43883	2.3019228
129.10541	2.3896446
129.77194	2.3631742
130.43843	2.1219144
131.10487	1.7171019
131.77126	1.3144689
132.43761	1.0335681
133.10391	0.82410681
133.77245	0.71468365
134.43864	0.54650754
135.10481	0.39781678
135.77094	0.29226118
136.437	0.23100987
137.10303	0.21490951
137.76901	0.18891257
138.43494	0.19991805
139.10083	0.17125715
139.76666	0.17929822
140.43246	0.16383518
141.09822	0.16570158
141.76392	0.13300194
142.42958	0.19718307
143.09518	0.16635893
143.76076	0.18910012
144.42627	0.22963874
145.08948	0.34179142
145.7549	0.70477623
146.42029	3.5385957
147.08562	8.9962282
147.75092	10.288736
148.41615	4.7441373
149.08136	0.72128087
149.74651	0.30006012
150.40935	0.23300193
151.07442	0.27528676
151.73943	0.27545434
152.4044	0.33875778
153.06932	0.52189082
153.73419	1.0848774
154.39676	4.3499308
155.06155	9.7799244
155.72629	9.9562969
156.39098	4.5074544
157.05563	1.5166085
157.71797	0.7222932
158.38252	0.5364362
159.04704	0.44095197
159.70923	0.43908921
160.37366	0.36468372
161.03802	0.35548636
161.70236	0.30091044
162.36438	0.29818094
163.02861	0.28050184
163.69279	0.31167743
164.35468	0.29040936
165.01878	0.32374269
165.68283	0.33663827
166.34457	0.41584179
167.00854	0.38542011
167.67245	0.4355512
168.33406	0.55292434
168.99789	0.66841108
169.65941	0.97058147
170.32314	1.4409521
170.98456	2.8078573
171.64821	8.710331
172.3118	25.149069
172.97308	34.467155
173.6366	22.054432
174.29779	6.7433352
174.96121	2.3452332
175.62231	1.2084345
176.28563	0.80644238
176.94666	0.61852753
177.60988	0.50357258
178.2708	0.420039
178.93394	0.33374488
179.59477	0.34013987
180.25783	0.2758185
180.91856	0.26604208
181.57927	0.23991586
182.24217	0.25357258
182.90279	0.21398996
183.56561	0.24214466
184.22612	0.21398996
184.8866	0.23591718
185.54927	0.24040934
186.20966	0.26303399
186.87225	0.20658255
187.53253	0.20443569
188.19278	0.15152046
188.85524	0.17561819
189.5154	0.15122728
190.17549	0.16062678
190.83781	0.15152045
191.49783	0.19058779
192.15781	0.15010926
192.81773	0.2010725
193.47987	0.17929822
194.13971	0.18250847
194.79948	0.16448341
195.45923	0.18422011
196.1212	0.19888015
196.78085	0.1996686
197.44046	0.15154412
198.10002	0.19952838
198.75954	0.16448341
199.42126	0.16818713
200.08069	0.17444009
200.74008	0.15337232
201.39941	0.16608945
202.0587	0.19837396
202.71796	0.18300194
203.37941	0.20827961
204.03856	0.2254543
204.69768	0.23878145
205.35674	0.2451764
206.01576	0.2281893
206.67473	0.21383518
207.33366	0.23891257
207.99255	0.22223134
208.65138	0.26278633
209.31018	0.27579486
209.96893	0.27003899
210.62764	0.23485379
211.2863	0.26048654
211.94492	0.31687787
212.60349	0.34281656
213.26201	0.35658252
213.92049	0.44797152
214.57892	0.50847995
215.2373	0.75912815
215.89565	1.1582798
216.55394	2.5037508
217.2122	4.7228251
217.87041	8.4098854
218.52856	14.83922
219.18669	25.032055
219.84476	39.30328
220.50279	47.134663
221.16077	39.451969
221.81871	21.28488
222.47435	8.2288141
223.13219	2.9237661
223.78999	1.2731181
224.44775	0.81707817
225.10547	0.63342798
225.76314	0.54966861
226.42076	0.45220694
227.07608	0.37263376
227.73361	0.35121271
228.3911	0.33065659
229.04854	0.276281
229.70369	0.24986888
230.36104	0.2397611
231.01834	0.2315525
231.67561	0.29451546
232.33058	0.26773921
232.98775	0.22545432
233.64488	0.25612184
234.30196	0.25522417
234.95674	0.23998506
235.61374	0.27593502
236.27069	0.26120579
236.92534	0.27258822
237.5822	0.27124259
238.23901	0.3070997
238.89354	0.31387341
239.55026	0.28050184
240.20694	0.28744856
240.86131	0.30878767
241.51791	0.30751663
242.17221	0.32665792
242.8287	0.32394299
243.48515	0.27984089
244.13931	0.30473068
244.79568	0.29485595
245.44975	0.29752356
246.10603	0.2887578
246.76001	0.30542448
247.4162	0.31554681
248.0701	0.31062678
248.7262	0.31518084
249.37999	0.29636729
250.036	0.34989256
250.68971	0.3430278
251.34563	0.32547799
251.99925	0.36048654
252.65509	0.36940527
253.30862	0.37517208
253.96436	0.43420553
254.61781	0.52665788
255.27121	0.52581853
255.92682	0.52059436
256.58014	0.45491645
257.23563	0.44161293
257.88885	0.39232311
258.54205	0.40009469
259.19742	0.41102919
259.85052	0.47046506
260.50357	0.44485599
261.15881	0.49043304
261.81177	0.46756256
262.46469	0.42681271
263.11978	0.42602062
263.77261	0.40152043
264.42538	0.33189303
265.07813	0.37023929
265.73306	0.36352929
266.38571	0.35862014
267.0383	0.35747847
267.69312	0.38300195
268.34561	0.38855752
268.99808	0.34855971
269.65051	0.35406968
270.30289	0.35194653
270.95746	0.34433705
271.60977	0.33628139
272.26199	0.3707819
272.91422	0.33686039
273.56638	0.34040934
274.21848	0.32327285
274.87277	0.33855751
275.52481	0.29781672
276.17679	0.30000913
276.82874	0.34902036
277.48062	0.31482393
278.13245	0.28704613
278.78427	0.28270876
279.436	0.2729542
280.08774	0.25022396
280.73941	0.26272625
281.39102	0.2695455
282.0426	0.24485597
282.69415	0.229158
283.34787	0.31804693
283.99933	0.2899614
284.65073	0.29411304
285.30206	0.31482393
285.95114	0.26635894
286.60242	0.33670565
287.25366	0.28930041
287.90482	0.2887122
288.55597	0.26804689
289.20706	0.26352927
289.85809	0.24771477
290.50912	0.24229942
291.16006	0.2453403
291.81097	0.25007102
292.46185	0.23340435
293.11267	0.25928295
293.76346	0.22124259
294.41196	0.22450927
295.06265	0.257808
295.71332	0.22880477
296.36392	0.26584178
297.0145	0.25323209
297.66501	0.23520885
298.31323	0.22818929
298.96365	0.22679812
299.61404	0.24241595
300.2644	0.24584837
300.9147	0.24411304
301.56271	0.24465568
302.21292	0.24161294
302.86307	0.28270876
303.51321	0.27243343
304.16104	0.27599695
304.81107	0.23710804
305.46106	0.27932194
306.10876	0.25813937
306.75867	0.28115007
307.40854	0.25818858
308.05609	0.2696147
308.70587	0.23485377
309.35559	0.2961652
310.00305	0.29752356
310.65268	0.30152044
311.30228	0.31365857
311.94958	0.2682108
312.59909	0.2756182
313.24631	0.33690596
313.89572	0.32229322
314.5451	0.35747847
315.1922	0.39716852
315.84146	0.37159768
316.48849	0.4138734
317.13766	0.39412758
317.78461	0.41278636
318.43372	0.35762227
319.08054	0.32244623
319.72955	0.33889803
320.37628	0.32865
321.02524	0.35105067
321.67188	0.2847136
322.32074	0.3000091
322.96729	0.29228488
323.61606	0.33289999
324.26254	0.28826433
324.90897	0.32039404
325.55759	0.32374269
326.20395	0.34077352
326.85248	0.35337231
327.49875	0.36554679
328.14496	0.31030992
328.79337	0.3830511
329.43948	0.40287882
330.0878	0.40337232
330.73386	0.40723079
331.37985	0.39855969
332.02805	0.40279511
332.67395	0.42579487
333.31982	0.40969449
333.96564	0.45371285
334.61365	0.44937545
335.25937	0.42297971
335.90509	0.45712516
336.55295	0.41466185
337.19855	0.42867368
337.84412	0.3965221
338.48965	0.42412141
339.1351	0.42423794
339.78278	0.40172079
340.42816	0.43672931
341.07352	0.38471362
341.71881	0.40662807
342.36407	0.4445155
343.01151	0.42545432
343.65668	0.36403546
344.30179	0.35362181
344.94687	0.39804071
345.59192	0.36855131
346.23691	0.37597328
346.88187	0.44350302
347.52676	0.4012273
348.17386	0.38747224
348.8187	0.44702831
349.46347	0.4833661
350.10818	0.45847994
350.7529	0.43790925
351.39752	0.51619506
352.04214	0.52078187
352.68671	0.57215303
353.33121	0.56285548
353.97568	0.50531888
354.62012	0.50087225
355.2645	0.54485601
355.90884	0.51100373
356.55313	0.48342806
357.19739	0.43250847
357.84161	0.46522635
358.48578	0.44517645
359.12988	0.41506428
359.77399	0.4259733
360.4158	0.40599075
361.05978	0.37867367
361.70374	0.42295423
362.34766	0.39596495
362.99152	0.43440586
363.63535	0.39716855
364.27911	0.47510105
364.92285	0.45967081
365.5643	0.46051022
366.20795	0.49665135
366.85156	0.50154412
367.49512	0.51689249
368.13864	0.48270875
368.77988	0.45522416
369.42331	0.45187554
370.06671	0.41889727
370.71005	0.36836559
371.35333	0.35323209
371.99438	0.38675478
372.6376	0.36649004
373.28076	0.36838743
373.92166	0.45646602
374.56476	0.44450459
375.20779	0.47628102
375.8508	0.49801701
376.49152	0.56317419
377.13443	0.54587382
377.77731	0.59795696
378.41791	0.58250844
379.0607	0.4886522
379.7012	0.39922065
380.3439	0.38878149
380.98654	0.33855751
381.62692	0.45059907
382.2695	0.47816557
382.90979	0.47323465
383.55228	0.46890634
384.1947	0.44838122
384.8349	0.53590268
385.47723	0.55530423
386.11731	0.51575804
386.75958	0.55591053
387.3996	0.590433
388.04175	0.6459648
388.68167	0.63353354
389.32376	0.65579045
389.96359	0.58928943
390.60559	0.5370844
391.24533	0.54162753
391.88724	0.47530133
392.52692	0.46265525
393.16653	0.424207
393.80832	0.43284899
394.44785	0.42750829
395.08954	0.46028626
395.72897	0.50784266
396.36838	0.51112026
397.00995	0.469937
397.64926	0.45107251
398.29074	0.42374268
398.92996	0.43706071
399.56915	0.4276467
400.21051	0.39781675
400.84961	0.407076
401.48865	0.42717689
402.12988	0.41199785
402.76886	0.38562042
403.40778	0.36398992
404.04666	0.34611967
404.68771	0.34455368
405.32651	0.32744637
405.96527	0.31956917
406.60397	0.30542448
407.24484	0.32561821
407.88348	0.29266363
408.52206	0.29582468
409.16061	0.28485379
409.7991	0.2916275
410.43976	0.30186093
411.07819	0.3261517
411.71655	0.32110235
412.35489	0.33591717
412.99316	0.3422612
413.63141	0.31233838
414.26959	0.33239192
414.90775	0.3504115
415.54807	0.33286172
416.18613	0.27059615
416.82416	0.27744636
417.46216	0.28336611
418.1001	0.30894241
418.73798	0.29618886
419.37585	0.23670562
420.01364	0.29551694
420.65143	0.29347935
421.28915	0.28151429
421.92685	0.32744637
422.56448	0.26028624
423.20209	0.26633528
423.83963	0.27189082
424.47714	0.27744636
425.11462	0.27559453
425.75204	0.28250846
426.38943	0.27850974
427.02676	0.29888013
427.66406	0.31063953
428.30133	0.24547142
428.93634	0.29016349
429.57352	0.29056409
430.21063	0.24226119
430.84772	0.29280382
431.48477	0.27215302
432.12177	0.2904093
432.75873	0.2959649
433.39343	0.29268733
434.0303	0.27615172
434.66714	0.31448343
435.30392	0.35711426
435.94067	0.39520195
436.57516	0.47747004
437.21182	0.52053428
437.84845	0.54483414
438.48502	0.52295423
439.11932	0.51062679
439.75583	0.48621216
440.39227	0.47814375
441.02869	0.51974577
441.66284	0.4922612
442.29916	0.45870572
442.93542	0.41895375
443.56946	0.41448343
444.20566	0.40152046
444.8418	0.37124258
445.47571	0.35007101
446.11176	0.313034
446.74777	0.33149061
447.38156	0.2823537
448.01749	0.2688736
448.65338	0.24531665
449.28705	0.25138023
449.92285	0.28826433
450.5564	0.26249135
451.19214	0.26619503
451.82562	0.26383513
452.46124	0.22229324
453.09464	0.2926017
453.73019	0.25377473
454.36349	0.29300413
454.99896	0.3761608
455.6322	0.85158241
456.26758	1.2354419
456.90073	1.1295476
457.53601	0.50294805
458.16907	0.28910011
458.80429	0.29797152
459.43726	0.29986891
460.07239	0.29784045
460.70529	0.30612186
461.34033	0.30107254
461.97311	0.28286171
462.6059	0.25522417
463.24081	0.24226119
463.87347	0.29767653
464.5061	0.28831166
465.1409	0.26232383
465.77344	0.31653556
466.40594	0.2537128
467.04062	0.2944681
467.67303	0.28670564
468.30542	0.26482391
468.93997	0.2717506
469.57227	0.249044
470.2045	0.29058778
470.83893	0.24161294
471.4711	0.28672931
472.10321	0.25967079
472.73529	0.26100367
473.36734	0.25508395
474.00153	0.23810956
474.63348	0.20642777
475.26541	0.24805529
475.89728	0.22144288
476.52911	0.22579482
477.16312	0.23607196
477.79486	0.28655264
478.42654	0.20522417
479.05823	0.25908262
479.68985	0.26989877
480.32141	0.27510107
480.95297	0.26908484
481.58664	0.26637352
482.21811	0.22954769
482.84952	0.26001492
483.4809	0.2553789
484.11221	0.26433045
484.7435	0.27139732
485.37473	0.23156524
486.00595	0.23879604
486.63708	0.23790926
487.26822	0.25644234
487.89929	0.24249974
488.53033	0.25596708
489.16132	0.24161294
489.79227	0.24736881
490.42316	0.23103353
491.05405	0.23320223
491.68484	0.22599694
492.31564	0.2416275
492.94638	0.24366513
493.57709	0.24817182
494.20773	0.21989876
494.83615	0.23420553
495.46674	0.23871228
496.09726	0.26067773
496.72775	0.23300193
497.35818	0.22559452
497.98859	0.27277395
498.61896	0.20892785
499.24707	0.22982992
499.87735	0.22850975
500.5076	0.24736881
501.13779	0.25644234
501.76794	0.28291088
502.39584	0.32327285
503.02594	0.46433046
503.65594	0.53436029
504.28592	0.57309443
504.9137	0.60556465
505.54358	0.58221346
506.17346	0.56132597
506.80325	0.45999131
507.43085	0.39567173
508.06058	0.35306457
508.69028	0.33978477
509.31775	0.31803414
509.94736	0.31619507
510.5769	0.29130706
511.20425	0.24718305
511.83374	0.26753885
512.4632	0.26828182
513.09039	0.27003899
513.71973	0.28237736
514.34686	0.25693581
514.97614	0.25443566
515.60535	0.25678286
516.23236	0.28300193
516.86151	0.24567173
517.48846	0.22559452
518.11749	0.25717071
518.74432	0.26303399
519.37335	0.26154631
520.00006	0.27730617
520.62897	0.28686044
521.25562	0.26586547
521.88446	0.25544813
522.51105	0.30507118
523.13977	0.26818711
523.7663	0.27545434
524.3949	0.25495464
525.02136	0.29078808
525.64771	0.27517211
526.27625	0.27929825
526.90253	0.2443625
527.53101	0.27396664
528.15723	0.25531885
528.78339	0.2926017
529.41168	0.27429983
530.03778	0.29226118
530.66382	0.26263157
531.29199	0.25863469
531.91797	0.25847992
532.54388	0.23454605
533.17194	0.26184309
533.79779	0.2438053
534.42358	0.23525621
535.05151	0.25021121
535.67725	0.24241598
536.30292	0.28925487
536.92859	0.21954551
537.55634	0.22244804
538.18188	0.24974145
538.80737	0.25919005
539.43286	0.26861322
540.05829	0.24397284
540.68585	0.24858336
541.31122	0.24835937
541.93646	0.2537747
542.56177	0.27344951
543.18695	0.23270877
543.81213	0.26820165
544.43945	0.25325578
545.06458	0.25325578
545.68964	0.257076
546.31464	0.25509486
546.93958	0.23841728
547.56451	0.2496686
548.18939	0.24982336
548.81427	0.24411304
549.43909	0.2781893
550.06384	0.21198331
550.68854	0.24270183
551.31323	0.2397611
551.93787	0.25192288
552.56244	0.21818712
553.18701	0.24445353
553.81152	0.25377473
554.43604	0.25273862
555.06042	0.21063951
555.68481	0.22547798
556.3092	0.20272404
556.93347	0.24056411
557.55774	0.25660622
558.18201	0.24598858
558.80615	0.19673151
559.4303	0.23930043
560.05444	0.23605737
560.67633	0.25122729
561.30035	0.20829418
561.92432	0.23340435
562.54822	0.2385575
563.17212	0.2259496
563.79602	0.27003899
564.41766	0.2278488
565.04138	0.22159766
565.66516	0.25459045
566.28882	0.21200699
566.91248	0.21989876
567.53394	0.20843439
568.15747	0.22984086
568.78101	0.24161293
569.40448	0.23088057
570.02576	0.21369496
570.64917	0.22003895
571.27252	0.22003897
571.89368	0.25562656
572.51697	0.25571945
573.1402	0.27747005
573.76123	0.26352927
574.3844	0.22324921
575.00751	0.26365855
575.62842	0.24531664
576.2514	0.25244182
576.87439	0.23255399
577.49518	0.21939072
578.1181	0.27613717
578.73883	0.25337231
579.36163	0.23880695
579.98444	0.21249135
580.60498	0.27799264
581.22772	0.26263157
581.84821	0.24074984
582.47083	0.24350303
583.09125	0.22295423
583.71375	0.25843439
584.33411	0.25056633
584.95654	0.22747006
585.57678	0.26551038
586.19916	0.27396667
586.81934	0.26283184
587.44165	0.24040934
588.06171	0.26098001
588.68176	0.24630541
589.30389	0.28284895
589.92389	0.28291085
590.54596	0.30223063
591.16583	0.32019374
591.78571	0.27003899
592.40765	0.30379838
593.0274	0.29012528
593.64929	0.31352931
594.26898	0.23485379
594.88861	0.29300413
595.51038	0.29040936
596.12994	0.28998506
596.74945	0.26888454
597.3689	0.30596706
597.99048	0.30274773
598.60986	0.27021742
599.22925	0.26755342
599.84857	0.25912815
600.46997	0.27778688
601.08923	0.25497833
601.70837	0.29784045
602.32751	0.27374268
602.94879	0.30425546
603.56787	0.26570159
604.18689	0.27579483
604.80585	0.28790924
605.4248	0.27595872
606.0437	0.28106815
606.66473	0.28542009
607.28357	0.2496686
607.90234	0.25000909
608.52106	0.24801704
609.13977	0.24598858
609.75842	0.26247856
610.37708	0.25645143
610.99561	0.24611966
611.61414	0.21633527
612.23267	0.24837393
612.85114	0.23628137
613.46954	0.23724826
614.08789	0.21939071
614.70624	0.22679813
615.32452	0.22344951
615.94275	0.21588731
616.56097	0.21369496
617.17914	0.2496686
617.7973	0.20379838
618.41534	0.25757131
619.03339	0.22023925
619.65143	0.22633745
620.26941	0.23320223
620.88733	0.24718305
621.50519	0.25693581
622.12305	0.2902928
622.74084	0.24801704
623.35858	0.29922065
623.97418	0.28541094
624.59186	0.26098001
625.20947	0.25892785
625.82709	0.24551697
626.44464	0.21405913
627.06219	0.26048654
627.67749	0.26113477
628.29492	0.25089586
628.91235	0.24361958
629.52972	0.24226119
630.14484	0.26263157
630.76215	0.23655267
631.37939	0.25765687
631.99658	0.23806401
632.61157	0.23223715
633.2287	0.272255
633.84576	0.2434648
634.46277	0.25461414
635.07764	0.2379238
635.69458	0.24241595
636.31146	0.23389964
636.92621	0.26653558
637.54303	0.20892785
638.15765	0.25172076
638.77441	0.25174442
639.39111	0.20850357
640.00568	0.24531664
640.62225	0.25377473
641.23669	0.21383518
641.85327	0.21818712
642.46979	0.18300192
643.08411	0.21821079
643.7005	0.25315014
644.31476	0.2362577
644.93109	0.21434321
645.54523	0.25473067
646.1615	0.2293219
646.77557	0.23051639
647.39178	0.28269419
648.00574	0.28089333
648.62189	0.25260934
649.23578	0.2396464
649.85181	0.2662333
650.46564	0.24302782
651.07941	0.20678285
651.69531	0.25088677
652.30902	0.20016389
652.92487	0.21263155
653.53851	0.24567173
654.1521	0.22464037
654.76776	0.2074675
655.38129	0.19397284
655.99475	0.21331805
656.61035	0.24381986
657.22375	0.22702211
657.8371	0.2035726
658.45251	0.17915802
659.0658	0.21152262
659.67902	0.22730617
660.29224	0.21077971
660.90753	0.20272404
661.52063	0.19806622
662.13367	0.22764666
662.7467	0.23130487
663.36188	0.19364326
663.97479	0.20461415
664.58771	0.24334826
665.20056	0.1996686
665.81342	0.2685422
666.42834	0.20089588
667.04108	0.18908919
667.65381	0.19673151
