12.064746	0.19675153
12.741686	0.11630249
13.420881	0.12842056
14.100029	0.11630249
14.776827	0.13891074
15.455879	0.13397612
16.134884	0.11917222
16.811541	0.11628792
17.490452	0.12429622
18.167013	0.10250737
18.845829	0.12287774
19.522297	0.12969883
20.201017	0.12881751
20.87969	0.086224914
21.556017	0.087259188
22.234594	0.11897374
22.910826	0.11527004
23.58931	0.11483667
24.265448	0.08193671
24.943836	0.12599513
25.619879	0.12409592
26.298174	0.10415893
26.974121	0.11445063
27.652321	0.096318148
28.328176	0.12414327
29.003983	0.1175407
29.682041	0.10147311
30.357754	0.097336031
31.035717	0.08724644
31.711334	0.11074694
32.389202	0.11955824
33.064728	0.086672857
33.740204	0.082954593
34.417931	0.10019483
35.093315	0.10415893
35.76865	0.11074693
36.446236	0.13150333
37.121479	0.13008484
37.796673	0.10946684
38.474117	0.11298481
39.149216	0.08155068
39.824268	0.081117295
40.501572	0.10990203
41.176533	0.10517681
41.851444	0.12881753
42.52631	0.10889508
43.203423	0.090361997
43.878193	0.11259878
44.552917	0.12696567
45.227596	0.14391093
45.904522	0.1518136
46.579102	0.17046872
47.253639	0.17310719
47.928127	0.15273683
48.604866	0.14821735
49.279263	0.1319367
49.953609	0.11668852
50.627911	0.11156633
51.302166	0.13465166
51.976372	0.095917553
52.650536	0.1000692
53.326942	0.079250887
54.001007	0.11815433
54.675026	0.11074694
55.348999	0.094065696
56.022926	0.12013184
56.696808	0.11585455
57.37064	0.10971449
58.044426	0.13150336
58.718163	0.10391129
59.391857	0.16242944
60.065502	0.13421828
60.739098	0.14908046
61.412651	0.12886304
62.086155	0.11118031
62.759613	0.083402529
63.433022	0.096365489
64.106384	0.10192105
64.779701	0.10415893
65.452972	0.12185805
66.126198	0.10702867
66.799377	0.11483666
67.472504	0.1000692
68.145592	0.12452929
68.818626	0.10659529
69.491615	0.14037657
70.164558	0.092661783
70.837456	0.14962126
71.510307	0.10991478
72.183105	0.1177064
72.855865	0.15230706
73.526283	0.11527004
74.198944	0.13150333
74.871567	0.14694999
75.544136	0.12784699
76.216652	0.097336039
76.88913	0.14139627
77.559273	0.13071671
78.231651	0.12039223
78.903992	0.11858772
79.576279	0.15332495
80.24852	0.12925088
80.918434	0.26858771
81.590584	0.74880368
82.26268	1.0088952
82.934738	0.69304782
83.604462	0.26815432
84.276428	0.2171219
84.948341	0.20702866
85.620209	0.20249462
86.289749	0.14548418
86.961525	0.14548601
87.633255	0.14675154
88.30265	0.19958849
88.974289	0.20202667
89.645874	0.1773517
90.31514	0.17224407
90.986633	0.17960414
91.658081	0.15971449
92.327202	0.15162608
92.998558	0.20415895
93.667587	0.17658146
94.338852	0.15045522
95.010071	0.16673587
95.678955	0.1634182
96.350082	0.14489968
97.018875	0.16813977
97.689903	0.18948434
98.358612	0.14222839
99.029549	0.18564041
99.698158	0.16488402
100.369	0.19636551
101.03752	0.18295459
101.70827	0.17082562
102.37669	0.18992862
103.04736	0.18296915
103.71569	0.18340254
104.38625	0.20192105
105.0545	0.26298481
105.72497	0.31029898
106.39311	0.50148767
107.0635	1.0435869
107.73155	1.364436
108.39956	1.3471702
109.0698	1.0718435
109.73772	0.84776944
110.40787	0.76829273
111.07569	0.65289158
111.74347	0.60147309
112.41348	0.58437312
113.08116	0.58008486
113.7488	0.61400449
114.41867	0.64304787
115.08621	0.61488402
115.75372	0.6783222
116.42345	0.7259478
117.09086	0.76547039
117.75822	0.77267742
118.42781	0.89076257
119.09508	0.80783355
119.7623	0.88895804
120.42948	1.0856403
121.09888	1.0757002
121.76597	1.2489437
122.43301	1.2057503
123.1	1.3065059
123.76694	1.5040513
124.43613	1.5194836
125.10298	1.3937106
125.76978	1.3822262
126.43655	1.4784315
127.10326	1.4667357
127.77221	1.4181252
128.43883	1.1098673
129.10541	1.0909501
129.77194	0.91303217
130.43843	0.80192101
131.10487	0.64221388
131.77126	0.5431881
132.43761	0.4108853
133.10391	0.42059252
133.77245	0.3500692
134.43864	0.26445064
135.10481	0.25722897
135.77094	0.22881751
136.437	0.2214101
137.10303	0.23949705
137.76901	0.18028517
138.43494	0.192802
139.10083	0.18852471
139.76666	0.16527005
140.43246	0.18482099
141.09822	0.1634182
141.76392	0.16400452
142.42958	0.17983723
143.09518	0.18525438
143.76076	0.19080995
144.42627	0.25864744
145.08948	0.27823299
145.7549	0.67188901
146.42029	2.8590207
147.08562	6.5267072
147.75092	6.9737101
148.41615	2.4445648
149.08136	0.46048838
149.74651	0.27965149
150.40935	0.23008487
151.07442	0.24446632
151.73943	0.23895809
152.4044	0.31917408
153.06932	0.51030082
153.73419	1.1270093
154.39676	4.0013509
155.06155	7.5377216
155.72629	6.7021999
156.39098	2.8477695
157.05563	1.0774136
157.71797	0.61463642
158.38252	0.46970028
159.04704	0.36688882
159.70923	0.39591753
160.37366	0.36897373
161.03802	0.30230707
161.70236	0.24776939
162.36438	0.26815432
163.02861	0.29548416
163.69279	0.27414325
164.35468	0.28066933
165.01878	0.28564039
165.68283	0.3426618
166.34457	0.33934411
167.00854	0.38564041
167.67245	0.45806295
168.33406	0.49837029
168.99789	0.60126013
169.65941	0.84457737
170.32314	1.2697785
170.98456	2.6742835
171.64821	8.2246428
172.3118	20.571455
172.97308	24.966915
173.6366	13.956826
174.29779	4.1619372
174.96121	1.7254726
175.62231	0.98244655
176.28563	0.65621108
176.94666	0.48005575
177.60988	0.35332495
178.2708	0.35928109
178.93394	0.33193672
179.59477	0.27184346
180.25783	0.24451365
180.91856	0.26812521
181.57927	0.23525438
182.24217	0.23749226
182.90279	0.20045523
183.56561	0.1940657
184.22612	0.22229142
184.8866	0.23008487
185.54927	0.1792509
186.20966	0.2014731
186.87225	0.19080995
187.53253	0.18340254
188.19278	0.13028516
188.85524	0.15932846
189.5154	0.18667288
190.17549	0.14675151
190.83781	0.15971448
191.49783	0.15889506
192.15781	0.18150334
192.81773	0.17452931
193.47987	0.1621982
194.13971	0.17326379
194.79948	0.17779964
195.45923	0.17369533
196.1212	0.15108708
196.78085	0.15828143
197.44046	0.19076259
198.10002	0.17779964
198.75954	0.17267746
199.42126	0.17184348
200.08069	0.17511383
200.74008	0.15659527
201.39941	0.20717071
202.0587	0.16792674
202.71796	0.15415892
203.37941	0.22389562
204.03856	0.2171219
204.69768	0.24814086
205.35674	0.21258423
206.01576	0.21561056
206.67473	0.16341819
207.33366	0.20377292
207.99255	0.27081105
208.65138	0.22452931
209.31018	0.19817001
209.96893	0.23710625
210.62764	0.20415895
211.2863	0.22185804
211.94492	0.29119596
212.60349	0.2922284
213.26201	0.3041589
213.92049	0.33150333
214.57892	0.49963582
215.2373	0.65146041
215.89565	0.99536043
216.55394	1.8850577
217.2122	3.5014875
217.87041	6.2328801
218.52856	10.344885
219.18669	17.701626
219.84476	26.752447
220.50279	31.342875
221.16077	24.767244
221.81871	12.098355
222.47435	4.4710135
223.13219	1.6338012
223.78999	0.81074697
224.44775	0.55702871
225.10547	0.52229142
225.76314	0.41585451
226.42076	0.41897374
227.07608	0.31215084
227.73361	0.2922284
228.3911	0.29076257
229.04854	0.27184346
229.70369	0.28582799
230.36104	0.27348229
231.01834	0.30372557
231.67561	0.32039222
232.33058	0.2518737
232.98775	0.26118031
233.64488	0.29675153
234.30196	0.26527005
234.95674	0.28667286
235.61374	0.30762956
236.27069	0.28252122
236.92534	0.29178047
237.5822	0.29593214
238.23901	0.3366583
238.89354	0.3240959
239.55026	0.32925087
240.20694	0.32059252
240.86131	0.33895811
241.51791	0.34113589
242.17221	0.32926548
242.8287	0.33150333
243.48515	0.31999162
244.13931	0.31341821
244.79568	0.33525437
245.44975	0.33482102
246.10603	0.32881749
246.76001	0.38252118
247.4162	0.35577771
248.0701	0.37886485
248.7262	0.34593213
249.37999	0.35948142
250.036	0.37056521
250.68971	0.37082559
251.34563	0.40932846
251.99925	0.4541589
252.65509	0.37369531
253.30862	0.42647037
253.96436	0.47926548
254.61781	0.49675152
255.27121	0.49123964
255.92682	0.57921809
256.58014	0.48891076
257.23563	0.47594774
257.88885	0.44303322
258.54205	0.45844713
259.19742	0.39489967
259.85052	0.4452711
260.50357	0.44837031
261.15881	0.48296916
261.81177	0.42326194
262.46469	0.39323539
263.11978	0.39266178
263.77261	0.37568739
264.42538	0.42452928
265.07813	0.37594777
265.73306	0.35948142
266.38571	0.40082663
267.0383	0.32823297
267.69312	0.36133328
268.34561	0.39451364
268.99808	0.36483666
269.65051	0.33749226
270.30289	0.34778398
270.95746	0.35415891
271.60977	0.28807676
272.26199	0.29880369
272.91422	0.31590188
273.56638	0.34451362
274.21848	0.30664262
274.87277	0.28749225
275.52481	0.26732218
276.17679	0.28852472
276.82874	0.29119599
277.48062	0.26673588
278.13245	0.27000618
278.78427	0.22556175
279.436	0.25806293
280.08774	0.25844714
280.73941	0.26854038
281.39102	0.24119596
282.0426	0.23482101
282.69415	0.2588805
283.34787	0.29446632
283.99933	0.2820769
284.65073	0.255317
285.30206	0.23525438
285.95114	0.25991479
286.60242	0.23520705
287.25366	0.27224407
287.90482	0.23213701
288.55597	0.25786263
289.20706	0.24695183
289.85809	0.25192106
290.50912	0.26503697
291.16006	0.22556175
291.81097	0.23230818
292.46185	0.23725919
293.11267	0.22755198
293.76346	0.24222842
294.41196	0.22102591
295.06265	0.25333953
295.71332	0.24733604
296.36392	0.25562474
297.0145	0.23679851
297.66501	0.24963583
298.31323	0.19631815
298.96365	0.22739904
299.61404	0.20192105
300.2644	0.26727486
300.9147	0.22345135
301.56271	0.21503696
302.21292	0.23335519
302.86307	0.2430478
303.51321	0.27837321
304.16104	0.25250739
304.81107	0.25045523
305.46106	0.21215084
306.10876	0.24221383
306.75867	0.24733604
307.40854	0.23335519
308.05609	0.25250739
308.70587	0.23891075
309.35559	0.25435925
310.00305	0.26113299
310.65268	0.26858771
311.30228	0.25250557
311.94958	0.27599514
312.59909	0.28725919
313.24631	0.29860339
313.89572	0.3037729
314.5451	0.27739903
315.1922	0.32304889
315.84146	0.36093268
316.48849	0.32452929
317.13766	0.33167633
317.78461	0.32204378
318.43372	0.2951
319.08054	0.29611787
319.72955	0.24119596
320.37628	0.295486
321.02524	0.30059546
321.67188	0.26341817
322.32074	0.28008488
322.96729	0.2844204
323.61606	0.2663025
324.26254	0.28865036
324.90897	0.31295568
325.55759	0.28992859
326.20395	0.28725919
326.85248	0.30415896
327.49875	0.30192104
328.14496	0.24080995
328.79337	0.30435926
329.43948	0.32139918
330.0878	0.3037729
330.73386	0.37638113
331.37985	0.31644088
332.02805	0.32570013
332.67395	0.37096581
333.31982	0.35372555
333.96564	0.39266178
334.61365	0.3300375
335.25937	0.29962122
335.90509	0.37511382
336.55295	0.37511382
337.19855	0.34837028
337.84412	0.34636548
338.48965	0.36732218
339.1351	0.36118031
339.78278	0.40946868
340.42816	0.38627228
341.07352	0.35844713
341.71881	0.37119704
342.36407	0.38500676
343.01151	0.38584074
343.65668	0.32287592
344.30179	0.3372592
344.94687	0.33482102
345.59192	0.36917406
346.23691	0.35115081
346.88187	0.39406571
347.52676	0.35333952
348.17386	0.36897373
348.8187	0.37799993
349.46347	0.40704325
350.10818	0.38911104
350.7529	0.38392878
351.39752	0.36400267
352.04214	0.46806511
352.68671	0.44451365
353.33121	0.42229143
353.97568	0.41858771
354.62012	0.39037657
355.2645	0.41400269
355.90884	0.41712189
356.55313	0.35929933
357.19739	0.37903783
357.84161	0.32594776
358.48578	0.38769257
359.12988	0.36770639
359.77399	0.40325028
360.4158	0.31827995
361.05978	0.35844713
361.70374	0.35333952
362.34766	0.33019409
362.99152	0.34096289
363.63535	0.33340254
364.27911	0.34917513
364.92285	0.36897373
365.5643	0.36815435
366.20795	0.38296917
366.85156	0.38335517
367.49512	0.37784699
368.13864	0.38891074
368.77988	0.38891074
369.42331	0.36259881
370.06671	0.3144998
370.71005	0.31074694
371.35333	0.30889508
371.99438	0.3025074
372.6376	0.33769259
373.28076	0.33482102
373.92166	0.34675154
374.56476	0.36156633
375.20779	0.41361851
375.8508	0.41503698
376.49152	0.43042538
377.13443	0.45289156
377.77731	0.47184345
378.41791	0.4654685
379.0607	0.38378856
379.7012	0.33321676
380.3439	0.3779107
380.98654	0.32014456
381.62692	0.31630248
382.2695	0.38601187
382.90979	0.36074692
383.55228	0.36074692
384.1947	0.41079795
384.8349	0.37184346
385.47723	0.39673698
386.11731	0.42043957
386.75958	0.41673586
387.3996	0.44821736
388.04175	0.53932953
388.68167	0.52865183
389.32376	0.47014457
389.96359	0.42510107
390.60559	0.4251138
391.24533	0.36400267
391.88724	0.42229143
392.52692	0.37658146
393.16653	0.35494372
393.80832	0.3627845
394.44785	0.38540736
395.08954	0.39651844
395.72897	0.38520703
396.36838	0.39821735
397.00995	0.40317017
397.64926	0.38437307
398.29074	0.36746243
398.92996	0.33437306
399.56915	0.33852473
400.21051	0.32823297
400.84961	0.35019484
401.48865	0.34938818
402.12988	0.34531847
402.76886	0.34073344
403.40778	0.33377397
404.04666	0.33193672
404.68771	0.31545761
405.32651	0.30888048
405.96527	0.27823299
406.60397	0.29178229
407.24484	0.29178047
407.88348	0.26443607
408.52206	0.27969882
409.16061	0.2663025
409.7991	0.25377291
410.43976	0.31298482
411.07819	0.30412978
411.71655	0.30289161
412.35489	0.29835755
412.99316	0.28335518
413.63141	0.27229145
414.26959	0.30742925
414.90775	0.25022215
415.54807	0.22082561
416.18613	0.22452931
416.82416	0.25806293
417.46216	0.25392586
418.1001	0.27326193
418.73798	0.22570014
419.37585	0.24880368
420.01364	0.25192106
420.65143	0.27903783
421.28915	0.28008488
421.92685	0.23295459
422.56448	0.29119596
423.20209	0.23665829
423.83963	0.23296915
424.47714	0.26527005
425.11462	0.24363233
425.75204	0.26258421
426.38943	0.26813978
427.02676	0.29324812
427.66406	0.2648367
428.30133	0.28374121
428.93634	0.26712188
429.57352	0.23598093
430.21063	0.24738337
430.84772	0.31259879
431.48477	0.24651845
432.12177	0.24631816
432.75873	0.27739903
433.39343	0.22799994
434.0303	0.28934413
434.66714	0.30805019
435.30392	0.27779961
435.94067	0.36503696
436.57516	0.39139625
437.21182	0.41854036
437.84845	0.43212426
438.48502	0.3671073
439.11932	0.39050403
439.75583	0.42141008
440.39227	0.39235404
441.02869	0.40263304
441.66284	0.41488403
442.29916	0.35372555
442.93542	0.3534779
443.56946	0.34451362
444.20566	0.35718161
444.8418	0.29096287
445.47571	0.30601078
446.11176	0.25415891
446.74777	0.30844897
447.38156	0.29730871
448.01749	0.24178049
448.65338	0.26628792
449.28705	0.25601077
449.92285	0.24266179
450.5564	0.24591754
451.19214	0.25517681
451.82562	0.23109001
452.46124	0.27043959
453.09464	0.24281475
453.73019	0.26488402
454.36349	0.27326193
454.99896	0.39466661
455.6322	0.72638118
456.26758	1.0245293
456.90073	0.85532975
457.53601	0.34446627
458.16907	0.26175392
458.80429	0.26955828
459.43726	0.28934416
460.07239	0.27472961
460.70529	0.25991479
461.34033	0.23110273
461.97311	0.27554715
462.6059	0.26443607
463.24081	0.25971448
463.87347	0.23710625
464.5061	0.26303217
465.1409	0.22823302
465.77344	0.24266179
466.40594	0.22638115
467.04062	0.25928113
467.67303	0.23482101
468.30542	0.24817003
468.93997	0.25786263
469.57227	0.29817
470.2045	0.27452931
470.83893	0.23213701
471.4711	0.22229142
472.10321	0.23008487
472.73529	0.27554715
473.36734	0.24860337
474.00153	0.25971448
474.63348	0.21176665
475.26541	0.23934411
475.89728	0.24821734
476.52911	0.23252122
477.16312	0.25289339
477.79486	0.23008487
478.42654	0.23111731
479.05823	0.23150334
479.68985	0.27244437
480.32141	0.27325106
480.95297	0.29406568
481.58664	0.27716595
482.21811	0.22741361
482.84952	0.28564039
483.4809	0.24962124
484.11221	0.24451365
484.7435	0.25230706
485.37473	0.28749225
486.00595	0.27000618
486.63708	0.24451365
487.26822	0.25601077
487.89929	0.25474346
488.53033	0.25002187
489.16132	0.27224407
489.79227	0.23296915
490.42316	0.23150334
491.05405	0.29426605
491.68484	0.22614808
492.31564	0.25372559
492.94638	0.24139445
493.57709	0.25250557
494.20773	0.24675152
494.83615	0.26712188
495.46674	0.25377291
496.09726	0.27570012
496.72775	0.26770821
497.35818	0.24037656
497.98859	0.25333953
498.61896	0.2527259
499.24707	0.21673587
499.87735	0.24591754
500.5076	0.23335519
501.13779	0.27926546
501.76794	0.27599514
502.39584	0.33066934
503.02594	0.4386631
503.65594	0.47326192
504.28592	0.514884
504.9137	0.53340256
505.54358	0.51668847
506.17346	0.42141193
506.80325	0.39406571
507.43085	0.35601079
508.06058	0.35932845
508.69028	0.30908081
509.31775	0.35267851
509.94736	0.27185807
510.5769	0.25903347
511.20425	0.2177064
511.83374	0.26156634
512.4632	0.27599514
513.09039	0.2374777
513.71973	0.29860342
514.34686	0.22982265
514.97614	0.23895809
515.60535	0.28378856
516.23236	0.27428347
516.86151	0.28130302
517.48846	0.2913489
518.11749	0.24962124
518.74432	0.26361665
519.37335	0.25124004
520.00006	0.25391129
520.62897	0.27613351
521.25562	0.25969994
521.88446	0.26259878
522.51105	0.25903347
523.13977	0.24675152
523.7663	0.27287591
524.3949	0.22409593
525.02136	0.27784696
525.64771	0.25889507
526.27625	0.24693909
526.90253	0.25474346
527.53101	0.24776939
528.15723	0.26858771
528.78339	0.28416005
529.41168	0.26303217
530.03778	0.23749226
530.66382	0.27101317
531.29199	0.27860448
531.91797	0.26854038
532.54388	0.285207
533.17194	0.23667286
533.79779	0.25562474
534.42358	0.2171219
535.05151	0.25971448
535.67725	0.2483703
536.30292	0.19650389
536.92859	0.2663025
537.55634	0.28378856
538.18188	0.24221383
538.80737	0.27043957
539.43286	0.23155068
540.05829	0.21488401
540.68585	0.26727486
541.31122	0.23769258
541.93646	0.28213516
542.56177	0.24778397
543.18695	0.22102591
543.81213	0.24261446
544.43945	0.20971449
545.06458	0.26854038
545.68964	0.23193671
546.31464	0.2728304
546.93958	0.23705891
547.56451	0.22369532
548.18939	0.23252122
548.81427	0.2580502
549.43909	0.22926545
550.06384	0.26445064
550.68854	0.22926545
551.31323	0.24451365
551.93787	0.26298484
552.56244	0.24281475
553.18701	0.20601079
553.81152	0.25205943
554.43604	0.21176665
555.06042	0.2409483
555.68481	0.20762958
556.3092	0.23525438
556.93347	0.2171219
557.55774	0.25702864
558.18201	0.23710625
558.80615	0.2588805
559.4303	0.22185804
560.05444	0.21917406
560.67633	0.21792674
561.30035	0.26500967
561.92432	0.23564042
562.54822	0.2491879
563.17212	0.24593212
563.79602	0.23705891
564.41766	0.23520705
565.04138	0.22657962
565.66516	0.21630248
566.28882	0.20372556
566.91248	0.24489968
567.53394	0.2000692
568.15747	0.26815432
568.78101	0.2247296
569.40448	0.22326197
570.02576	0.2171219
570.64917	0.23480645
571.27252	0.27739903
571.89368	0.19675153
572.51697	0.25372559
573.1402	0.21443607
573.76123	0.23150334
574.3844	0.27185807
575.00751	0.25928113
575.62842	0.23295459
576.2514	0.25946683
576.87439	0.24421863
577.49518	0.25557742
578.1181	0.24733604
578.73883	0.23520705
579.36163	0.2306712
579.98444	0.20517682
580.60498	0.23168907
581.22772	0.2514731
581.84821	0.25391129
582.47083	0.24324813
583.09125	0.28155071
583.71375	0.23155068
584.33411	0.21854039
584.95654	0.25747663
585.57678	0.23911104
586.19916	0.24178049
586.81934	0.2889581
587.44165	0.23155068
588.06171	0.28891075
588.68176	0.25601077
589.30389	0.2430187
589.92389	0.28934413
590.54596	0.26770642
591.16583	0.27568737
591.78571	0.29169121
592.40765	0.30525509
593.0274	0.26156634
593.64929	0.24917515
594.26898	0.260299
594.88861	0.30192104
595.51038	0.29880184
596.12994	0.26420298
596.74945	0.26917407
597.3689	0.26156634
597.99048	0.26113299
598.60986	0.23895809
599.22925	0.22638115
599.84857	0.23398887
600.46997	0.25659528
601.08923	0.24695183
601.70837	0.22823302
602.32751	0.24119596
602.94879	0.22716595
603.56787	0.23525438
604.18689	0.26355839
604.80585	0.25022215
605.4248	0.23866309
606.0437	0.23066935
606.66473	0.25718161
607.28357	0.26443607
607.90234	0.22039223
608.52106	0.25104156
609.13977	0.22369532
609.75842	0.20601079
610.37708	0.19446631
610.99561	0.24281475
611.61414	0.25519139
612.23267	0.23437306
612.85114	0.18769258
613.46954	0.23296915
614.08789	0.22102591
614.70624	0.18296917
615.32452	0.20659529
615.94275	0.19304782
616.56097	0.2409483
617.17914	0.1872592
617.7973	0.2312557
618.41534	0.22903785
619.03339	0.22185804
619.65143	0.21585456
620.26941	0.18520705
620.88733	0.25747663
621.50519	0.22013184
622.12305	0.25557742
622.74084	0.22965148
623.35858	0.25702864
623.97418	0.22414328
624.59186	0.22969884
625.20947	0.22409593
625.82709	0.2136185
626.44464	0.22184348
627.06219	0.22043958
627.67749	0.19446631
628.29492	0.23681125
628.91235	0.21445064
629.52972	0.2171219
630.14484	0.24134892
630.76215	0.20022216
631.37939	0.21443607
631.99658	0.22925089
632.61157	0.22414328
633.2287	0.25562474
633.84576	0.22471687
634.46277	0.2215995
635.07764	0.23111731
635.69458	0.23738851
636.31146	0.22715504
636.92621	0.19304782
637.54303	0.2237099
638.15765	0.20064279
638.77441	0.20332496
639.39111	0.20747662
640.00568	0.20932846
640.62225	0.21527004
641.23669	0.19860338
641.85327	0.19631815
642.46979	0.22881934
643.08411	0.21133327
643.7005	0.21215084
644.31476	0.21483667
644.93109	0.22185804
645.54523	0.24280199
646.1615	0.21400453
646.77557	0.21960559
647.39178	0.24036197
648.00574	0.23540734
648.62189	0.19281477
649.23578	0.23517792
649.85181	0.23482101
650.46564	0.23111731
651.07941	0.21445064
651.69531	0.20392586
652.30902	0.20562476
652.92487	0.21897374
653.53851	0.25230706
654.1521	0.2171219
654.76776	0.17229143
655.38129	0.24096291
655.99475	0.22389562
656.61035	0.20192105
657.22375	0.22326379
657.8371	0.20928112
658.45251	0.19593212
659.0658	0.16488402
659.67902	0.20230708
660.29224	0.22638115
660.90753	0.1792509
661.52063	0.2257475
662.13367	0.21872793
662.7467	0.17843331
663.36188	0.20702866
663.97479	0.19778398
664.58771	0.2057777
665.20056	0.18665829
665.81342	0.19323538
666.42834	0.20192105
667.04108	0.15517682
667.65381	0.14733602
