12.064746	0.26435959
12.741686	0.15164791
13.420881	0.15885502
14.100029	0.15164791
14.776827	0.13836266
15.455879	0.16621144
16.134884	0.16449799
16.811541	0.14001785
17.490452	0.1553243
18.167013	0.16500783
18.845829	0.12781601
19.522297	0.15873484
20.201017	0.16461088
20.87969	0.13746858
21.556017	0.12545249
22.234594	0.12961505
22.910826	0.1348556
23.58931	0.13095707
24.265448	0.1180633
24.943836	0.11497869
25.619879	0.12450562
26.298174	0.12402491
26.974121	0.16038823
27.652321	0.13517608
28.328176	0.13261043
29.003983	0.13868313
29.682041	0.13819149
30.357754	0.10712517
31.035717	0.14077899
31.711334	0.1418952
32.389202	0.1554281
33.064728	0.1149441
33.740204	0.13707528
34.417931	0.13331877
35.093315	0.12956955
35.76865	0.14423868
36.446236	0.14408027
37.121479	0.1330165
37.796673	0.14789142
38.474117	0.15483084
39.149216	0.16653919
39.824268	0.15381114
40.501572	0.1592101
41.176533	0.15534979
41.851444	0.13471176
42.52631	0.10559379
43.203423	0.13122474
43.878193	0.1559871
44.552917	0.14232674
45.227596	0.12725155
45.904522	0.14366874
46.579102	0.13446046
47.253639	0.13868313
47.928127	0.13865763
48.604866	0.16480024
49.279263	0.1351251
49.953609	0.14758004
50.627911	0.13707526
51.302166	0.1441877
51.976372	0.14077899
52.650536	0.17193817
53.326942	0.13306747
54.001007	0.12174879
54.675026	0.15693399
55.348999	0.13146691
56.022926	0.10518591
56.696808	0.12387014
57.37064	0.13892713
58.044426	0.14584108
58.718163	0.13675298
59.391857	0.13373028
60.065502	0.17407773
60.739098	0.15712336
61.412651	0.14397101
62.086155	0.15515314
62.759613	0.14609237
63.433022	0.1204086
64.106384	0.14629993
64.779701	0.1256437
65.452972	0.14998545
66.126198	0.16085437
66.799377	0.14648932
67.472504	0.13883972
68.145592	0.14117227
68.818626	0.16429041
69.491615	0.14979425
70.164558	0.16307405
70.837456	0.14742343
71.510307	0.1603518
72.183105	0.17260279
72.855865	0.11823628
73.526283	0.14448269
74.198944	0.16972396
74.871567	0.14397103
75.544136	0.15184276
76.216652	0.18561675
76.88913	0.14278561
77.559273	0.16831459
78.231651	0.15571944
78.903992	0.17080192
79.576279	0.18675299
80.24852	0.17226048
80.918434	0.2940402
81.590584	0.50880402
82.26268	0.54820275
82.934738	0.38678029
83.604462	0.29601401
84.276428	0.24580646
84.948341	0.24258532
85.620209	0.18099168
86.289749	0.2291398
86.961525	0.25183728
87.633255	0.20063914
88.30265	0.22169781
88.974289	0.21154448
89.645874	0.21709822
90.31514	0.18678029
90.986633	0.20349978
91.658081	0.21458358
92.327202	0.21299939
92.998558	0.22008632
93.667587	0.22381733
94.338852	0.24077716
95.010071	0.20342146
95.678955	0.20323029
96.350082	0.18831167
97.018875	0.22035579
97.689903	0.25318658
98.358612	0.23868313
99.029549	0.23892714
99.698158	0.19186789
100.369	0.24232675
101.03752	0.2441877
101.70827	0.2485797
102.37669	0.23517062
103.04736	0.2444481
103.71569	0.24251793
104.38625	0.28860486
105.0545	0.25554097
105.72497	0.32387018
106.39311	0.38631231
107.0635	0.4330565
107.73155	0.52265561
108.39956	0.57771778
109.0698	0.72897232
109.73772	0.79781318
110.40787	0.89688438
111.07569	0.93092787
111.74347	0.94596124
112.41348	0.79649478
113.08116	0.91411746
113.7488	0.93125027
114.41867	0.90180814
115.08621	0.86575252
115.75372	0.918504
116.42345	0.89285845
117.09086	0.94132888
117.75822	0.89813912
118.42781	0.80673546
119.09508	0.76432502
119.7623	0.83697701
120.42948	0.80043334
121.09888	0.84013617
121.76597	0.76494408
122.43301	0.64086998
123.1	0.67968428
123.76694	0.66309226
124.43613	0.55012929
125.10298	0.48310205
125.76978	0.48920754
126.43655	0.44050947
127.10326	0.40048438
127.77221	0.33122474
128.43883	0.32071635
129.10541	0.2814669
129.77194	0.29072616
130.43843	0.27008814
131.10487	0.24857607
131.77126	0.25048438
132.43761	0.23883972
133.10391	0.28043449
133.77245	0.24839215
134.43864	0.25317931
135.10481	0.25664809
135.77094	0.18453878
136.437	0.16248955
137.10303	0.20083398
137.76901	0.2038676
138.43494	0.20115446
139.10083	0.22361885
139.76666	0.18863215
140.43246	0.16619325
141.09822	0.2055064
141.76392	0.2106377
142.42958	0.16485307
143.09518	0.20303181
143.76076	0.24243967
144.42627	0.2237445
145.08948	0.27579841
145.7549	0.40223244
146.42029	1.50746
147.08562	3.4056942
147.75092	3.5814669
148.41615	1.2687114
149.08136	0.34927711
149.74651	0.1941622
150.40935	0.20559198
151.07442	0.21984413
151.73943	0.24629994
152.4044	0.28492844
153.06932	0.4001129
153.73419	0.79527843
154.39676	2.4270697
155.06155	4.4408517
155.72629	4.0905371
156.39098	1.9108453
157.05563	0.87950033
157.71797	0.56307405
158.38252	0.40880403
159.04704	0.37756106
159.70923	0.3296679
160.37366	0.31670493
161.03802	0.27674717
161.70236	0.27731523
162.36438	0.30038059
163.02861	0.26307404
163.69279	0.25905532
164.35468	0.27730435
165.01878	0.29087004
165.68283	0.31460911
166.34457	0.35963982
167.00854	0.33544376
167.67245	0.37220767
168.33406	0.41545576
168.99789	0.54786587
169.65941	0.6531629
170.32314	0.97601342
170.98456	1.881467
171.64821	5.3386579
172.3118	12.000031
172.97308	14.27174
173.6366	8.7163496
174.29779	3.1106215
174.96121	1.3501929
175.62231	0.81518632
176.28563	0.57630646
176.94666	0.46376961
177.60988	0.3452675
178.2708	0.28675479
178.93394	0.33497396
179.59477	0.2847828
180.25783	0.25929752
180.91856	0.2205907
181.57927	0.20303181
182.24217	0.24813357
182.90279	0.23883972
183.56561	0.21665211
184.22612	0.18107907
184.8866	0.19482501
185.54927	0.23191305
186.20966	0.20744565
186.87225	0.22226048
187.53253	0.185431
188.19278	0.17559634
188.85524	0.19971594
189.5154	0.20228341
190.17549	0.19786409
190.83781	0.19090463
191.49783	0.20413525
192.15781	0.17635931
192.81773	0.20203759
193.47987	0.20336866
194.13971	0.19967042
194.79948	0.2092447
195.45923	0.2188299
196.1212	0.20963982
196.78085	0.18522161
197.44046	0.18147236
198.10002	0.17445464
198.75954	0.21633163
199.42126	0.21144071
200.08069	0.16846935
200.74008	0.22031027
201.39941	0.20523691
202.0587	0.20381477
202.71796	0.19646019
203.37941	0.1905095
204.03856	0.24801159
204.69768	0.25156781
205.35674	0.21453258
206.01576	0.21519539
206.67473	0.23119742
207.33366	0.21545394
207.99255	0.20702685
208.65138	0.23670746
209.31018	0.21339451
209.96893	0.22029571
210.62764	0.18517062
211.2863	0.23344623
211.94492	0.26275903
212.60349	0.27193636
213.26201	0.29093373
213.92049	0.31862959
214.57892	0.32930002
215.2373	0.44654757
215.89565	0.62749559
216.55394	1.0312502
217.2122	1.857839
217.87041	3.1162791
218.52856	5.2367535
219.18669	8.8089819
219.84476	12.931254
220.50279	15.033382
221.16077	11.429632
221.81871	5.4615393
222.47435	2.1328437
223.13219	0.86480027
223.78999	0.54111212
224.44775	0.42569464
225.10547	0.37450561
225.76314	0.34247062
226.42076	0.31175026
227.07608	0.27608982
227.73361	0.27222404
228.3911	0.24974325
229.04854	0.25204486
229.70369	0.27254269
230.36104	0.23093887
231.01834	0.2651954
231.67561	0.25744566
232.33058	0.27233514
232.98775	0.25184277
233.64488	0.24819002
234.30196	0.26301759
234.95674	0.27329838
235.61374	0.28121561
236.27069	0.22930188
236.92534	0.21312685
237.5822	0.27979353
238.23901	0.27076733
238.89354	0.28376487
239.55026	0.25362906
240.20694	0.27157581
240.86131	0.25554645
241.51791	0.25082123
242.17221	0.26109654
242.8287	0.27035579
243.48515	0.28300372
244.13931	0.26090717
244.79568	0.29596126
245.44975	0.29974326
246.10603	0.25974363
246.76001	0.26643544
247.4162	0.29257801
248.0701	0.28937325
248.7262	0.2943953
249.37999	0.261051
250.036	0.31310135
250.68971	0.28529805
251.34563	0.34072068
251.99925	0.33639243
252.65509	0.30201575
253.30862	0.34231037
253.96436	0.38161075
254.61781	0.35739285
255.27121	0.38883972
255.92682	0.33897263
256.58014	0.35037148
257.23563	0.35905349
257.88885	0.33135948
258.54205	0.3389326
259.19742	0.28527442
259.85052	0.32820934
260.50357	0.31312686
261.15881	0.29442987
261.81177	0.27794164
262.46469	0.31307408
263.11978	0.30554098
263.77261	0.27771768
264.42538	0.311102
265.07813	0.28534362
265.73306	0.24640921
266.38571	0.26078153
267.0383	0.25942314
267.69312	0.28892711
268.34561	0.29231036
268.99808	0.26435959
269.65051	0.25778797
270.30289	0.27942568
270.95746	0.22961506
271.60977	0.21599478
272.26199	0.22776867
272.91422	0.25929752
273.56638	0.24219018
274.21848	0.25554097
274.87277	0.25379294
275.52481	0.23186205
276.17679	0.22418697
276.82874	0.22053427
277.48062	0.2311009
278.13245	0.22241522
278.78427	0.25638953
279.436	0.21634986
280.08774	0.25554097
280.73941	0.24069157
281.39102	0.21683055
282.0426	0.21709822
282.69415	0.24298954
283.34787	0.2611129
283.99933	0.2651608
284.65073	0.18746859
285.30206	0.20342693
285.95114	0.22445464
286.60242	0.22261919
287.25366	0.2481354
287.90482	0.25016388
288.55597	0.24446993
289.20706	0.24085365
289.85809	0.22936378
290.50912	0.24661498
291.16006	0.18305111
291.81097	0.22431991
292.46185	0.22217305
293.11267	0.22436906
293.76346	0.24688444
294.41196	0.21130231
295.06265	0.24270368
295.71332	0.21617685
296.36392	0.20969264
297.0145	0.22076915
297.66501	0.23321317
298.31323	0.22405951
298.96365	0.22586584
299.61404	0.22540151
300.2644	0.20739284
300.9147	0.25228521
301.56271	0.23517062
302.21292	0.20342146
302.86307	0.21704723
303.51321	0.26844388
304.16104	0.23561856
304.81107	0.24852872
305.46106	0.23561674
306.10876	0.21295387
306.75867	0.21964748
307.40854	0.22566009
308.05609	0.22591136
308.70587	0.21519539
309.35559	0.2706362
310.00305	0.2577261
310.65268	0.25038058
311.30228	0.25913727
311.94958	0.27256817
312.59909	0.268626
313.24631	0.261051
313.89572	0.23848648
314.5451	0.29459193
315.1922	0.25413525
315.84146	0.27233511
316.48849	0.2911723
317.13766	0.26844388
317.78461	0.26448524
318.43372	0.25228339
319.08054	0.25368914
319.72955	0.279921
320.37628	0.23146692
321.02524	0.23422012
321.67188	0.26344734
322.32074	0.28582615
322.96729	0.24769293
323.61606	0.24973416
324.26254	0.23600824
324.90897	0.24897122
325.55759	0.25434467
326.20395	0.24767473
326.85248	0.25305909
327.49875	0.25018939
328.14496	0.24117409
328.79337	0.27411231
329.43948	0.26850939
330.0878	0.30104154
330.73386	0.2649259
331.37985	0.24954478
332.02805	0.31846938
332.67395	0.30011109
333.31982	0.27379185
333.96564	0.25369459
334.61365	0.30316108
335.25937	0.30739287
335.90509	0.31111479
336.55295	0.3018373
337.19855	0.23702246
337.84412	0.27217305
338.48965	0.26658291
339.1351	0.27961507
339.78278	0.27220768
340.42816	0.25748387
341.07352	0.24455552
341.71881	0.27826214
342.36407	0.25189012
343.01151	0.25778797
343.65668	0.3034251
344.30179	0.26889908
344.94687	0.24323358
345.59192	0.29294586
346.23691	0.28147417
346.88187	0.28371391
347.52676	0.25429186
348.17386	0.28882879
348.8187	0.30000362
349.46347	0.2888743
350.10818	0.24318074
350.7529	0.27405947
351.39752	0.28421831
352.04214	0.26818892
352.68671	0.31448522
353.33121	0.32008812
353.97568	0.29769289
354.62012	0.27794534
355.2645	0.28743401
355.90884	0.28741759
356.55313	0.32641029
357.19739	0.32752103
357.84161	0.29973415
358.48578	0.32381731
359.12988	0.26296663
359.77399	0.3111949
360.4158	0.31481665
361.05978	0.23534909
361.70374	0.30554101
362.34766	0.29073161
362.99152	0.2722131
363.63535	0.29455552
364.27911	0.28714448
364.92285	0.28913471
365.5643	0.29601404
366.20795	0.313207
366.85156	0.30199936
367.49512	0.32603702
368.13864	0.32053423
368.77988	0.27387926
369.42331	0.2759642
370.06671	0.30906078
370.71005	0.26105103
371.35333	0.25159511
371.99438	0.2796205
372.6376	0.29236132
373.28076	0.27013913
373.92166	0.26855677
374.56476	0.32050332
375.20779	0.31193417
375.8508	0.33142138
376.49152	0.31033543
377.13443	0.32776323
377.77731	0.32630831
378.41791	0.32778141
379.0607	0.33952984
379.7012	0.28349724
380.3439	0.27815834
380.98654	0.27040863
381.62692	0.28863761
382.2695	0.24211916
382.90979	0.24781856
383.55228	0.2590535
384.1947	0.27979353
384.8349	0.29421321
385.47723	0.29813355
386.11731	0.32236242
386.75958	0.28868312
387.3996	0.31813246
388.04175	0.36518627
388.68167	0.32340214
389.32376	0.33021781
389.96359	0.31646279
390.60559	0.32095852
391.24533	0.31291381
391.88724	0.27426344
392.52692	0.30037147
393.16653	0.31915766
393.80832	0.30374193
394.44785	0.30386764
395.08954	0.29733783
395.72897	0.28125021
396.36838	0.28147417
397.00995	0.24788231
397.64926	0.27560729
398.29074	0.30016389
398.92996	0.27176699
399.56915	0.25929752
400.21051	0.295486
400.84961	0.32590044
401.48865	0.28080955
402.12988	0.27189264
402.76886	0.25918099
403.40778	0.26989695
404.04666	0.25527331
404.68771	0.29596671
405.32651	0.26087984
405.96527	0.23932044
406.60397	0.28137955
407.24484	0.29307514
407.88348	0.24818641
408.52206	0.2704086
409.16061	0.24247061
409.7991	0.25734729
410.43976	0.22656688
411.07819	0.24379985
411.71655	0.27395388
412.35489	0.21823628
412.99316	0.23658182
413.63141	0.24809898
414.26959	0.21614225
414.90775	0.27257365
415.54807	0.22053427
416.18613	0.24854511
416.82416	0.2388743
417.46216	0.21638444
418.1001	0.23376489
418.73798	0.20194109
419.37585	0.21980225
420.01364	0.25164792
420.65143	0.2344095
421.28915	0.25924468
421.92685	0.26540294
422.56448	0.23517062
423.20209	0.26524818
423.83963	0.24990532
424.47714	0.23157072
425.11462	0.20228341
425.75204	0.23937327
426.38943	0.23843366
427.02676	0.25503117
427.66406	0.27752101
428.30133	0.25483087
428.93634	0.23537821
429.57352	0.24297315
430.21063	0.25528243
430.84772	0.24959575
431.48477	0.20183729
432.12177	0.22217305
432.75873	0.23287812
433.39343	0.22592957
434.0303	0.25554097
434.66714	0.26334351
435.30392	0.26122218
435.94067	0.24001785
436.57516	0.28512511
437.21182	0.34654215
437.84845	0.32484433
438.48502	0.28122473
439.11932	0.2723861
439.75583	0.28115192
440.39227	0.30527154
441.02869	0.29831204
441.66284	0.26379693
442.29916	0.26224005
442.93542	0.26058668
443.56946	0.29601404
444.20566	0.26524636
444.8418	0.2538676
445.47571	0.2479005
446.11176	0.26669762
446.74777	0.2666066
447.38156	0.25778797
448.01749	0.25571397
448.65338	0.23511963
449.28705	0.24270368
449.92285	0.22342767
450.5564	0.22841875
451.19214	0.23159438
451.82562	0.22405951
452.46124	0.21910667
453.09464	0.22966787
453.73019	0.23587714
454.36349	0.24318074
454.99896	0.40109438
455.6322	0.65735823
456.26758	0.77815837
456.90073	0.55559379
457.53601	0.30765325
458.16907	0.25003827
458.80429	0.25593612
459.43726	0.25162059
460.07239	0.26469463
460.70529	0.24041115
461.34033	0.26288831
461.97311	0.21868242
462.6059	0.25739282
463.24081	0.24090463
463.87347	0.22815834
464.5061	0.22815834
465.1409	0.2241105
465.77344	0.22016644
466.40594	0.22932737
467.04062	0.24791689
467.67303	0.24959759
468.30542	0.22968973
468.93997	0.21895008
469.57227	0.2441877
470.2045	0.21070689
470.83893	0.26809606
471.4711	0.23255762
472.10321	0.22635931
472.73529	0.24275647
473.36734	0.23287812
474.00153	0.22931281
474.63348	0.22074184
475.26541	0.22431991
475.89728	0.22085474
476.52911	0.24461195
477.16312	0.22815289
477.79486	0.24082813
478.42654	0.24269822
479.05823	0.24442986
479.68985	0.255714
480.32141	0.22080192
480.95297	0.26453078
481.58664	0.22961506
482.21811	0.23891987
482.84952	0.22361885
483.4809	0.22656688
484.11221	0.2388743
484.7435	0.20783897
485.37473	0.23151973
486.00595	0.22358425
486.63708	0.22265559
487.26822	0.22350596
487.89929	0.21823628
488.53033	0.25735822
489.16132	0.24672967
489.79227	0.23331878
490.42316	0.25201574
491.05405	0.26891726
491.68484	0.25945774
492.31564	0.26153904
492.94638	0.2462872
493.57709	0.21271533
494.20773	0.22260278
494.83615	0.20929749
495.46674	0.22966787
496.09726	0.24137989
496.72775	0.23146692
497.35818	0.22630648
497.98859	0.22607343
498.61896	0.22728796
499.24707	0.26612586
499.87735	0.24818641
500.5076	0.23006119
501.13779	0.24854511
501.76794	0.27076733
502.39584	0.29577008
503.02594	0.33006299
503.65594	0.32032123
504.28592	0.35969263
504.9137	0.34306604
505.54358	0.35925198
506.17346	0.30530789
506.80325	0.32157761
507.43085	0.26273173
508.06058	0.29257801
508.69028	0.27794167
509.31775	0.31344736
509.94736	0.25856188
510.5769	0.22958046
511.20425	0.21524818
511.83374	0.24809898
512.4632	0.2300102
513.09039	0.22080192
513.71973	0.25817767
514.34686	0.21677956
514.97614	0.25196475
515.60535	0.21519539
516.23236	0.2416257
516.86151	0.24236134
517.48846	0.24257801
518.11749	0.23532358
518.74432	0.25203758
519.37335	0.2291398
520.00006	0.21638444
520.62897	0.23633963
521.25562	0.2291398
521.88446	0.22040862
522.51105	0.21149167
523.13977	0.24259624
523.7663	0.25969079
524.3949	0.22705308
525.02136	0.23719545
525.64771	0.22406498
526.27625	0.25056264
526.90253	0.2566317
527.53101	0.22760481
528.15723	0.21307586
528.78339	0.22040862
529.41168	0.21492772
530.03778	0.24199899
530.66382	0.24077716
531.29199	0.2294257
531.91797	0.24829565
532.54388	0.22075094
533.17194	0.23301467
533.79779	0.22591136
534.42358	0.22032668
535.05151	0.24072616
535.67725	0.21122219
536.30292	0.21149167
536.92859	0.21638444
537.55634	0.22406498
538.18188	0.23307659
538.80737	0.22961506
539.43286	0.22194
540.05829	0.22564369
540.68585	0.22406498
541.31122	0.22966787
541.93646	0.2339215
542.56177	0.20402418
543.18695	0.17794167
543.81213	0.20483266
544.43945	0.20368913
545.06458	0.24619435
545.68964	0.21282823
546.31464	0.21109654
546.93958	0.23714811
547.56451	0.194876
548.18939	0.22815834
548.81427	0.20751849
549.43909	0.25736371
550.06384	0.1831294
550.68854	0.20570305
551.31323	0.22080375
551.93787	0.23767802
552.56244	0.2332332
553.18701	0.21664301
553.81152	0.22771768
554.43604	0.23006301
555.06042	0.22587676
555.68481	0.21229106
556.3092	0.21339634
556.93347	0.24629994
557.55774	0.20228341
558.18201	0.27233514
558.80615	0.22450747
559.4303	0.23021778
560.05444	0.22815834
560.67633	0.20940676
561.30035	0.23561856
561.92432	0.21175024
562.54822	0.21895008
563.17212	0.22924906
563.79602	0.23698787
564.41766	0.230114
565.04138	0.24638553
565.66516	0.19090463
566.28882	0.20942314
566.91248	0.22384283
567.53394	0.22543611
568.15747	0.20554098
568.78101	0.24151096
569.40448	0.19492881
570.02576	0.23537821
570.64917	0.22776321
571.27252	0.22048327
571.89368	0.20024584
572.51697	0.2036946
573.1402	0.22781603
573.76123	0.2365108
574.3844	0.22029571
575.00751	0.21640992
575.62842	0.23741761
576.2514	0.18344623
576.87439	0.24230856
577.49518	0.26458174
578.1181	0.23191485
578.73883	0.23836449
579.36163	0.2328435
579.98444	0.2052715
580.60498	0.21130413
581.22772	0.23702246
581.84821	0.22219855
582.47083	0.22586584
583.09125	0.20735823
583.71375	0.22075094
584.33411	0.25082123
584.95654	0.24211916
585.57678	0.22380823
586.19916	0.2018901
586.81934	0.22556175
587.44165	0.23212062
588.06171	0.22520122
588.68176	0.22049236
589.30389	0.20559928
589.92389	0.23446049
590.54596	0.22080375
591.16583	0.24296767
591.78571	0.20347245
592.40765	0.2106377
593.0274	0.2370753
593.64929	0.23146692
594.26898	0.21109654
594.88861	0.23702246
595.51038	0.19831204
596.12994	0.20457773
596.74945	0.22893223
597.3689	0.22236972
597.99048	0.22776867
598.60986	0.23233914
599.22925	0.24659127
599.84857	0.22466223
600.46997	0.21127501
601.08923	0.24137989
601.70837	0.20214684
602.32751	0.20390218
602.94879	0.23257402
603.56787	0.2092447
604.18689	0.2092447
604.80585	0.20892969
605.4248	0.23337157
606.0437	0.18762518
606.66473	0.21110201
607.28357	0.22152482
607.90234	0.18191305
608.52106	0.17820933
609.13977	0.21109654
609.75842	0.18119742
610.37708	0.21665211
610.99561	0.23561674
611.61414	0.18275611
612.23267	0.21360211
612.85114	0.1726556
613.46954	0.21154448
614.08789	0.17586584
614.70624	0.19275647
615.32452	0.17772862
615.94275	0.20554098
616.56097	0.19442987
617.17914	0.18280892
617.7973	0.18887979
618.41534	0.18573874
619.03339	0.17753014
619.65143	0.22745003
620.26941	0.20162061
620.88733	0.20139663
621.50519	0.18490113
622.12305	0.17930005
622.74084	0.21070869
623.35858	0.19987799
623.97418	0.21159548
624.59186	0.19151098
625.20947	0.20873484
625.82709	0.19487782
626.44464	0.18495393
627.06219	0.20555922
627.67749	0.19476312
628.29492	0.22265378
628.91235	0.20408426
629.52972	0.20751849
630.14484	0.21154267
630.76215	0.21619324
631.37939	0.20162061
631.99658	0.17966788
632.61157	0.15757129
633.2287	0.17821115
633.84576	0.20228341
634.46277	0.21887177
635.07764	0.19998544
635.69458	0.21453258
636.31146	0.20603992
636.92621	0.18900178
637.54303	0.21122402
638.15765	0.15924472
638.77441	0.19633272
639.39111	0.20413525
640.00568	0.18857023
640.62225	0.20744565
641.23669	0.21453258
641.85327	0.18522343
642.46979	0.20156962
643.08411	0.20063914
643.7005	0.21480025
644.31476	0.16895007
644.93109	0.20570303
645.54523	0.20357624
646.1615	0.21852216
646.77557	0.19589207
647.39178	0.20402236
648.00574	0.23002841
648.62189	0.22566918
649.23578	0.20413525
649.85181	0.21453258
650.46564	0.1606559
651.07941	0.20008923
651.69531	0.19050948
652.30902	0.18746857
652.92487	0.18006116
653.53851	0.18746859
654.1521	0.18843366
654.76776	0.21698532
655.38129	0.18146691
655.99475	0.19998544
656.61035	0.20845443
657.22375	0.19398923
657.8371	0.17772862
658.45251	0.20574132
659.0658	0.180114
659.67902	0.20762774
660.29224	0.1986489
660.90753	0.18287811
661.52063	0.19186789
662.13367	0.16710004
662.7467	0.19662589
663.36188	0.19264723
663.97479	0.2003751
664.58771	0.18561675
665.20056	0.17700209
665.81342	0.19947377
666.42834	0.17778142
667.04108	0.17374632
667.65381	0.17016645
